T/1	Light/1	Pupil/3			
0	0.0000	0.0000	0.0000	0.0000	
1	0.5000	0.0000	0.0000	0.0200	
2	1.5000	0.0000	0.0000	0.0380	
3	1.5000	0.0000	0.0000	0.0542	
4	1.5000	0.0000	0.0000	0.0688	
5	1.5000	0.0000	0.0000	0.0819	
6	1.5000	0.0000	0.0000	0.0937	
7	1.5000	0.0000	0.0000	0.1043	
8	1.5000	0.0000	0.0000	0.1139	
9	1.5000	0.0000	0.0000	0.1225	
10	1.5000	0.0000	0.0000	0.1303	
11	1.5000	0.0000	0.0000	0.1372	
12	1.5000	0.0000	0.0000	0.1435	
13	1.5000	0.0000	0.0000	0.1492	
14	1.5000	0.0000	0.0000	0.1542	
15	1.5000	0.0000	0.0000	0.1596	
16	1.5000	0.0000	0.0000	0.1658	
17	1.5000	0.0000	0.0000	0.1732	
18	1.5000	0.0000	0.0000	0.1820	
19	1.5000	0.0000	0.0000	0.1921	
20	1.5000	0.0000	0.0000	0.2034	
21	1.5000	0.0000	0.0000	0.2157	
22	1.5000	0.0000	0.0000	0.2288	
23	1.5000	0.0000	0.0000	0.2422	
24	1.5000	0.0000	0.0000	0.2558	
25	1.5000	0.0000	0.0000	0.2693	
26	1.5000	0.0000	0.0000	0.2825	
27	1.5000	0.0000	0.0000	0.2950	
28	1.5000	0.0000	0.0000	0.3068	
29	1.5000	0.0000	0.0000	0.3177	
30	1.5000	0.0000	0.0000	0.3275	
31	1.5000	0.0000	0.0000	0.3363	
32	1.5000	0.0000	0.0000	0.3440	
33	1.5000	0.0000	0.0000	0.3505	
34	1.5000	0.0000	0.0000	0.3558	
35	1.5000	0.0000	0.0000	0.3601	
36	1.5000	0.0000	0.0000	0.3633	
37	1.5000	0.0000	0.0000	0.3655	
38	1.5000	0.0000	0.0000	0.3668	
39	1.5000	0.0000	0.0000	0.3673	
40	1.5000	0.0000	0.0000	0.3669	
41	1.5000	0.0000	0.0000	0.3659	
42	1.5000	0.0000	0.0000	0.3643	
43	1.5000	0.0000	0.0000	0.3622	
44	1.5000	0.0000	0.0000	0.3596	
45	1.5000	0.0000	0.0000	0.3567	
46	1.5000	0.0000	0.0000	0.3535	
47	1.5000	0.0000	0.0000	0.3501	
48	1.5000	0.0000	0.0000	0.3465	
49	1.5000	0.0000	0.0000	0.3428	
50	1.5000	0.0000	0.0000	0.3390	
51	1.5000	0.0000	0.0000	0.3352	
52	1.5000	0.0000	0.0000	0.3314	
53	1.5000	0.0000	0.0000	0.3276	
54	1.5000	0.0000	0.0000	0.3239	
55	1.5000	0.0000	0.0000	0.3202	
56	1.5000	0.0000	0.0000	0.3166	
57	1.5000	0.0000	0.0000	0.3131	
58	1.5000	0.0000	0.0000	0.3097	
59	1.5000	0.0000	0.0000	0.3064	
60	1.5000	0.0000	0.0000	0.3033	
61	1.5000	0.0000	0.0000	0.3002	
62	0.5000	0.0000	0.0000	0.2973	
63	0.5000	0.0000	0.0000	0.2945	
64	0.5000	0.0000	0.0000	0.2919	
65	0.5000	0.0000	0.0000	0.2894	
66	0.5000	0.0000	0.0000	0.2870	
67	0.5000	0.0000	0.0000	0.2847	
68	0.5000	0.0000	0.0000	0.2825	
69	0.5000	0.0000	0.0000	0.2805	
70	0.5000	0.0000	0.0000	0.2786	
71	0.5000	0.0000	0.0000	0.2768	
72	0.5000	0.0000	0.0000	0.2750	
73	0.5000	0.0000	0.0000	0.2734	
74	0.5000	0.0000	0.0000	0.2719	
75	0.5000	0.0000	0.0000	0.2705	
76	0.5000	0.0000	0.0000	0.2692	
77	0.5000	0.0000	0.0000	0.2679	
78	0.5000	0.0000	0.0000	0.2667	
79	0.5000	0.0000	0.0000	0.2656	
80	0.5000	0.0000	0.0000	0.2646	
81	0.5000	0.0000	0.0000	0.2637	
82	0.5000	0.0000	0.0000	0.2628	
83	0.5000	0.0000	0.0000	0.2619	
84	0.5000	0.0000	0.0000	0.2612	
85	0.4879	0.0000	0.0000	0.2604	
86	0.4333	0.0000	0.0000	0.2597	
87	0.3970	0.0000	0.0000	0.2591	
88	0.2818	0.0000	0.0000	0.2585	
89	0.2030	0.0000	0.0000	0.2580	
90	0.0576	0.0000	0.0000	0.2575	
91	0.0000	0.0000	0.0000	0.2570	
92	0.0000	0.0000	0.0000	0.2566	
93	0.0000	0.0000	0.0000	0.2563	
94	0.0000	0.0000	0.0000	0.2560	
95	0.0000	0.0000	0.0000	0.2558	
96	0.0000	0.0000	0.0000	0.2558	
97	0.0000	0.0000	0.0000	0.2558	
98	0.0000	0.0000	0.0000	0.2559	
99	0.0000	0.0000	0.0000	0.2561	
100	0.0000	0.0000	0.0000	0.2564	
101	0.0000	0.0000	0.0000	0.2569	
102	0.0000	0.0000	0.0000	0.2574	
103	0.0000	0.0000	0.0000	0.2581	
104	0.0000	0.0000	0.0000	0.2590	
105	0.0000	0.0000	0.0000	0.2600	
106	0.0000	0.0000	0.0000	0.2611	
107	0.0000	0.0000	0.0000	0.2624	
108	0.0000	0.0000	0.0000	0.2638	
109	0.0000	0.0000	0.0000	0.2654	
110	0.0000	0.0000	0.0000	0.2673	
111	0.0000	0.0000	0.0000	0.2693	
112	0.0000	0.0000	0.0000	0.2716	
113	0.0000	0.0000	0.0000	0.2741	
114	0.0000	0.0000	0.0000	0.2769	
115	0.0000	0.0000	0.0000	0.2800	
116	0.0000	0.0000	0.0000	0.2833	
117	0.0000	0.0000	0.0000	0.2868	
118	0.0000	0.0000	0.0000	0.2907	
119	0.0000	0.0000	0.0000	0.2948	
120	0.0000	0.0000	0.0000	0.2992	
121	0.0000	0.0000	0.0000	0.3039	
122	0.0000	0.0000	0.0000	0.3089	
123	0.0000	0.0000	0.0000	0.3141	
124	0.0000	0.0000	0.0000	0.3196	
125	0.0000	0.0000	0.0000	0.3253	
126	0.0000	0.0000	0.0000	0.3313	
127	0.0000	0.0000	0.0000	0.3375	
128	0.0000	0.0000	0.0000	0.3440	
129	0.0000	0.0000	0.0000	0.3506	
130	0.0000	0.0000	0.0000	0.3575	
131	0.0000	0.0000	0.0000	0.3645	
132	0.0000	0.0000	0.0000	0.3717	
133	0.0000	0.0000	0.0000	0.3791	
134	0.0000	0.0000	0.0000	0.3866	
135	0.0000	0.0000	0.0000	0.3942	
136	0.0000	0.0000	0.0000	0.4019	
137	0.0000	0.0000	0.0000	0.4097	
138	0.0000	0.0000	0.0000	0.4176	
139	0.0000	0.0000	0.0000	0.4255	
140	0.0000	0.0000	0.0000	0.4335	
141	0.0000	0.0000	0.0000	0.4414	
142	0.0000	0.0000	0.0000	0.4494	
143	0.0000	0.0000	0.0000	0.4574	
144	0.0000	0.0000	0.0000	0.4654	
145	0.0000	0.0000	0.0000	0.4733	
146	0.0000	0.0000	0.0000	0.4812	
147	0.0000	0.0000	0.0000	0.4890	
148	0.0000	0.0000	0.0000	0.4967	
149	0.0000	0.0000	0.0000	0.5044	
150	0.0000	0.0000	0.0000	0.5119	
151	0.0000	0.0000	0.0000	0.5194	
152	0.0000	0.0000	0.0000	0.5267	
153	0.0000	0.0000	0.0000	0.5339	
154	0.0000	0.0000	0.0000	0.5410	
155	0.0000	0.0000	0.0000	0.5479	
156	0.0000	0.0000	0.0000	0.5547	
157	0.0000	0.0000	0.0000	0.5614	
158	0.0000	0.0000	0.0000	0.5679	
159	0.0000	0.0000	0.0000	0.5743	
160	0.0000	0.0000	0.0000	0.5805	
161	0.0000	0.0000	0.0000	0.5865	
162	0.0000	0.0000	0.0000	0.5924	
163	0.0000	0.0000	0.0000	0.5981	
164	0.0000	0.0000	0.0000	0.6037	
165	0.0000	0.0000	0.0000	0.6091	
166	0.0000	0.0000	0.0000	0.6144	
167	0.0000	0.0000	0.0000	0.6194	
168	0.0000	0.0000	0.0000	0.6244	
169	0.0000	0.0000	0.0000	0.6291	
170	0.0000	0.0000	0.0000	0.6338	
171	0.0000	0.0000	0.0000	0.6382	
172	0.0000	0.0000	0.0000	0.6425	
173	0.0000	0.0000	0.0000	0.6467	
174	0.0000	0.0000	0.0000	0.6507	
175	0.0000	0.0000	0.0000	0.6546	
176	0.0000	0.0000	0.0000	0.6583	
177	0.0000	0.0000	0.0000	0.6619	
178	0.0000	0.0000	0.0000	0.6654	
179	0.0000	0.0000	0.0000	0.6687	
180	0.0000	0.0000	0.0000	0.6719	
181	0.0000	0.0000	0.0000	0.6750	
182	0.0000	0.0000	0.0000	0.6779	
183	0.0000	0.0000	0.0000	0.6808	
184	0.0000	0.0000	0.0000	0.6835	
185	0.0000	0.0000	0.0000	0.6861	
186	0.0000	0.0000	0.0000	0.6887	
187	0.0000	0.0000	0.0000	0.6911	
188	0.0000	0.0000	0.0000	0.6934	
189	0.0000	0.0000	0.0000	0.6956	
190	0.0000	0.0000	0.0000	0.6977	
191	0.0000	0.0000	0.0000	0.6998	
192	0.0000	0.0000	0.0000	0.7017	
193	0.0000	0.0000	0.0000	0.7036	
194	0.0000	0.0000	0.0000	0.7054	
195	0.0000	0.0000	0.0000	0.7071	
196	0.0000	0.0000	0.0000	0.7087	
197	0.0000	0.0000	0.0000	0.7103	
198	0.0000	0.0000	0.0000	0.7117	
199	0.0000	0.0000	0.0000	0.7132	
200	0.0000	0.0000	0.0000	0.7145	
201	0.0000	0.0000	0.0000	0.7158	
202	1.0000	0.0000	0.0000	0.7171	
203	1.0000	0.0000	0.0000	0.7183	
204	1.0000	0.0000	0.0000	0.7194	
205	1.0000	0.0000	0.0000	0.7205	
206	1.0000	0.0000	0.0000	0.7215	
207	1.0000	0.0000	0.0000	0.7225	
208	1.0000	0.0000	0.0000	0.7235	
209	1.0000	0.0000	0.0000	0.7243	
210	1.0000	0.0000	0.0000	0.7252	
211	1.0000	0.0000	0.0000	0.7260	
212	1.0000	0.0000	0.0000	0.7268	
213	1.0000	0.0000	0.0000	0.7275	
214	1.0000	0.0000	0.0000	0.7282	
215	1.0000	0.0000	0.0000	0.7289	
216	1.0000	0.0000	0.0000	0.7296	
217	1.0000	0.0000	0.0000	0.7302	
218	1.0000	0.0000	0.0000	0.7307	
219	1.0000	0.0000	0.0000	0.7311	
220	1.0000	0.0000	0.0000	0.7313	
221	1.0000	0.0000	0.0000	0.7312	
222	1.0000	0.0000	0.0000	0.7307	
223	1.0000	0.0000	0.0000	0.7297	
224	1.0000	0.0000	0.0000	0.7282	
225	1.0000	0.0000	0.0000	0.7260	
226	1.0000	0.0000	0.0000	0.7232	
227	1.0000	0.0000	0.0000	0.7197	
228	1.0000	0.0000	0.0000	0.7155	
229	1.0000	0.0000	0.0000	0.7106	
230	1.0000	0.0000	0.0000	0.7050	
231	1.0000	0.0000	0.0000	0.6986	
232	1.0000	0.0000	0.0000	0.6916	
233	1.0000	0.0000	0.0000	0.6840	
234	1.0000	0.0000	0.0000	0.6758	
235	1.0000	0.0000	0.0000	0.6670	
236	1.0000	0.0000	0.0000	0.6577	
237	1.0000	0.0000	0.0000	0.6480	
238	1.0000	0.0000	0.0000	0.6380	
239	1.0000	0.0000	0.0000	0.6276	
240	1.0000	0.0000	0.0000	0.6169	
241	1.0000	0.0000	0.0000	0.6061	
242	1.0000	0.0000	0.0000	0.5951	
243	1.0000	0.0000	0.0000	0.5840	
244	1.0000	0.0000	0.0000	0.5729	
245	1.0000	0.0000	0.0000	0.5617	
246	1.0000	0.0000	0.0000	0.5507	
247	1.0000	0.0000	0.0000	0.5397	
248	1.0000	0.0000	0.0000	0.5288	
249	1.0000	0.0000	0.0000	0.5180	
250	1.0000	0.0000	0.0000	0.5075	
251	1.0000	0.0000	0.0000	0.4971	
252	1.0000	0.0000	0.0000	0.4870	
253	1.0000	0.0000	0.0000	0.4771	
254	1.0000	0.0000	0.0000	0.4675	
255	1.0000	0.0000	0.0000	0.4581	
256	1.0000	0.0000	0.0000	0.4490	
257	1.0000	0.0000	0.0000	0.4402	
258	1.0000	0.0000	0.0000	0.4316	
259	1.0000	0.0000	0.0000	0.4234	
260	1.0000	0.0000	0.0000	0.4155	
261	1.0000	0.0000	0.0000	0.4078	
262	0.0000	0.0000	0.0000	0.4004	
263	0.0000	0.0000	0.0000	0.3933	
264	0.0000	0.0000	0.0000	0.3865	
265	0.0000	0.0000	0.0000	0.3800	
266	0.0000	0.0000	0.0000	0.3737	
267	0.0000	0.0000	0.0000	0.3677	
268	0.0000	0.0000	0.0000	0.3620	
269	0.0000	0.0000	0.0000	0.3565	
270	0.0000	0.0000	0.0000	0.3513	
271	0.0000	0.0000	0.0000	0.3463	
272	0.0000	0.0000	0.0000	0.3415	
273	0.0000	0.0000	0.0000	0.3369	
274	0.0000	0.0000	0.0000	0.3326	
275	0.0000	0.0000	0.0000	0.3285	
276	0.0000	0.0000	0.0000	0.3245	
277	0.0000	0.0000	0.0000	0.3208	
278	0.0000	0.0000	0.0000	0.3172	
279	0.0000	0.0000	0.0000	0.3139	
280	0.0000	0.0000	0.0000	0.3107	
281	0.0000	0.0000	0.0000	0.3078	
282	0.0000	0.0000	0.0000	0.3052	
283	0.0000	0.0000	0.0000	0.3028	
284	0.0000	0.0000	0.0000	0.3007	
285	0.0000	0.0000	0.0000	0.2990	
286	0.0000	0.0000	0.0000	0.2976	
287	0.0000	0.0000	0.0000	0.2965	
288	0.0000	0.0000	0.0000	0.2958	
289	0.0000	0.0000	0.0000	0.2954	
290	0.0000	0.0000	0.0000	0.2955	
291	0.0000	0.0000	0.0000	0.2959	
292	0.0000	0.0000	0.0000	0.2967	
293	0.0000	0.0000	0.0000	0.2979	
294	0.0000	0.0000	0.0000	0.2995	
295	0.0000	0.0000	0.0000	0.3015	
296	0.0000	0.0000	0.0000	0.3039	
297	0.0000	0.0000	0.0000	0.3067	
298	0.0000	0.0000	0.0000	0.3098	
299	0.0000	0.0000	0.0000	0.3133	
300	0.0000	0.0000	0.0000	0.3172	
301	0.0000	0.0000	0.0000	0.3214	
302	0.0000	0.0000	0.0000	0.3260	
303	0.0000	0.0000	0.0000	0.3309	
304	0.0000	0.0000	0.0000	0.3361	
305	0.0000	0.0000	0.0000	0.3417	
306	0.0000	0.0000	0.0000	0.3475	
307	0.0000	0.0000	0.0000	0.3535	
308	0.0000	0.0000	0.0000	0.3598	
309	0.0000	0.0000	0.0000	0.3664	
310	0.0000	0.0000	0.0000	0.3731	
311	0.0000	0.0000	0.0000	0.3801	
312	0.0000	0.0000	0.0000	0.3872	
313	0.0000	0.0000	0.0000	0.3945	
314	0.0000	0.0000	0.0000	0.4019	
315	0.0000	0.0000	0.0000	0.4095	
316	0.0000	0.0000	0.0000	0.4171	
317	0.0000	0.0000	0.0000	0.4248	
318	0.0000	0.0000	0.0000	0.4326	
319	0.0000	0.0000	0.0000	0.4404	
320	0.0000	0.0000	0.0000	0.4483	
321	0.0000	0.0000	0.0000	0.4561	
322	0.0000	0.0000	0.0000	0.4640	
323	0.0000	0.0000	0.0000	0.4718	
324	0.0000	0.0000	0.0000	0.4796	
325	0.0000	0.0000	0.0000	0.4874	
326	0.0000	0.0000	0.0000	0.4950	
327	0.0000	0.0000	0.0000	0.5026	
328	0.0000	0.0000	0.0000	0.5102	
329	0.0000	0.0000	0.0000	0.5176	
330	0.0000	0.0000	0.0000	0.5249	
331	0.0000	0.0000	0.0000	0.5321	
332	0.0000	0.0000	0.0000	0.5392	
333	0.0000	0.0000	0.0000	0.5462	
334	0.0000	0.0000	0.0000	0.5530	
335	0.0000	0.0000	0.0000	0.5597	
336	0.0000	0.0000	0.0000	0.5662	
337	0.0000	0.0000	0.0000	0.5726	
338	0.0000	0.0000	0.0000	0.5788	
339	0.0000	0.0000	0.0000	0.5849	
340	0.0000	0.0000	0.0000	0.5908	
341	0.0000	0.0000	0.0000	0.5966	
342	0.0000	0.0000	0.0000	0.6022	
343	0.0000	0.0000	0.0000	0.6076	
344	0.0000	0.0000	0.0000	0.6129	
345	0.0000	0.0000	0.0000	0.6180	
346	0.0000	0.0000	0.0000	0.6230	
347	0.0000	0.0000	0.0000	0.6278	
348	0.0000	0.0000	0.0000	0.6325	
349	0.0000	0.0000	0.0000	0.6370	
350	0.0000	0.0000	0.0000	0.6413	
351	0.0000	0.0000	0.0000	0.6455	
352	0.0000	0.0000	0.0000	0.6496	
353	0.0000	0.0000	0.0000	0.6535	
354	0.0000	0.0000	0.0000	0.6573	
355	0.0000	0.0000	0.0000	0.6609	
356	0.0000	0.0000	0.0000	0.6644	
357	0.0000	0.0000	0.0000	0.6678	
358	0.0000	0.0000	0.0000	0.6710	
359	0.0000	0.0000	0.0000	0.6741	
360	0.0000	0.0000	0.0000	0.6771	
361	0.0000	0.0000	0.0000	0.6800	
362	0.0000	0.0000	0.0000	0.6828	
363	0.0000	0.0000	0.0000	0.6854	
364	0.0000	0.0000	0.0000	0.6880	
365	0.0000	0.0000	0.0000	0.6904	
366	0.0000	0.0000	0.0000	0.6927	
367	0.0000	0.0000	0.0000	0.6950	
368	0.0000	0.0000	0.0000	0.6971	
369	0.0000	0.0000	0.0000	0.6992	
370	0.0000	0.0000	0.0000	0.7012	
371	0.0000	0.0000	0.0000	0.7030	
372	0.0000	0.0000	0.0000	0.7049	
373	0.0000	0.0000	0.0000	0.7066	
374	0.0000	0.0000	0.0000	0.7082	
375	0.0000	0.0000	0.0000	0.7098	
376	0.0000	0.0000	0.0000	0.7113	
377	0.0000	0.0000	0.0000	0.7128	
378	0.0000	0.0000	0.0000	0.7142	
379	0.0000	0.0000	0.0000	0.7155	
380	0.0000	0.0000	0.0000	0.7167	
381	0.0000	0.0000	0.0000	0.7179	
382	0.0000	0.0000	0.0000	0.7191	
383	0.0000	0.0000	0.0000	0.7202	
384	0.0000	0.0000	0.0000	0.7212	
385	0.0000	0.0000	0.0000	0.7222	
386	0.0000	0.0000	0.0000	0.7232	
387	0.0000	0.0000	0.0000	0.7241	
388	0.0000	0.0000	0.0000	0.7250	
389	0.0000	0.0000	0.0000	0.7258	
390	0.0000	0.0000	0.0000	0.7266	
391	0.0000	0.0000	0.0000	0.7273	
392	0.0000	0.0000	0.0000	0.7281	
393	0.0000	0.0000	0.0000	0.7287	
394	0.0000	0.0000	0.0000	0.7294	
395	0.0000	0.0000	0.0000	0.7300	
396	0.0000	0.0000	0.0000	0.7306	
397	0.0000	0.0000	0.0000	0.7312	
398	0.0000	0.0000	0.0000	0.7317	
399	0.0000	0.0000	0.0000	0.7322	
400	0.0000	0.0000	0.0000	0.7327	
401	0.0000	0.0000	0.0000	0.7332	
402	1.0000	0.0000	0.0000	0.7336	
403	1.0000	0.0000	0.0000	0.7340	
404	1.0000	0.0000	0.0000	0.7344	
405	1.0000	0.0000	0.0000	0.7348	
406	1.0000	0.0000	0.0000	0.7352	
407	1.0000	0.0000	0.0000	0.7355	
408	1.0000	0.0000	0.0000	0.7358	
409	1.0000	0.0000	0.0000	0.7362	
410	1.0000	0.0000	0.0000	0.7365	
411	1.0000	0.0000	0.0000	0.7367	
412	1.0000	0.0000	0.0000	0.7370	
413	1.0000	0.0000	0.0000	0.7373	
414	1.0000	0.0000	0.0000	0.7375	
415	1.0000	0.0000	0.0000	0.7377	
416	1.0000	0.0000	0.0000	0.7380	
417	1.0000	0.0000	0.0000	0.7382	
418	1.0000	0.0000	0.0000	0.7383	
419	1.0000	0.0000	0.0000	0.7384	
420	1.0000	0.0000	0.0000	0.7382	
421	1.0000	0.0000	0.0000	0.7378	
422	1.0000	0.0000	0.0000	0.7369	
423	1.0000	0.0000	0.0000	0.7356	
424	1.0000	0.0000	0.0000	0.7338	
425	1.0000	0.0000	0.0000	0.7314	
426	1.0000	0.0000	0.0000	0.7283	
427	1.0000	0.0000	0.0000	0.7246	
428	1.0000	0.0000	0.0000	0.7201	
429	1.0000	0.0000	0.0000	0.7150	
430	1.0000	0.0000	0.0000	0.7091	
431	1.0000	0.0000	0.0000	0.7026	
432	1.0000	0.0000	0.0000	0.6954	
433	1.0000	0.0000	0.0000	0.6876	
434	1.0000	0.0000	0.0000	0.6791	
435	1.0000	0.0000	0.0000	0.6702	
436	1.0000	0.0000	0.0000	0.6608	
437	1.0000	0.0000	0.0000	0.6509	
438	1.0000	0.0000	0.0000	0.6407	
439	1.0000	0.0000	0.0000	0.6301	
440	1.0000	0.0000	0.0000	0.6194	
441	1.0000	0.0000	0.0000	0.6084	
442	1.0000	0.0000	0.0000	0.5972	
443	1.0000	0.0000	0.0000	0.5860	
444	1.0000	0.0000	0.0000	0.5748	
445	1.0000	0.0000	0.0000	0.5635	
446	1.0000	0.0000	0.0000	0.5523	
447	1.0000	0.0000	0.0000	0.5412	
448	1.0000	0.0000	0.0000	0.5303	
449	1.0000	0.0000	0.0000	0.5194	
450	1.0000	0.0000	0.0000	0.5088	
451	1.0000	0.0000	0.0000	0.4984	
452	1.0000	0.0000	0.0000	0.4882	
453	1.0000	0.0000	0.0000	0.4782	
454	1.0000	0.0000	0.0000	0.4685	
455	1.0000	0.0000	0.0000	0.4590	
456	1.0000	0.0000	0.0000	0.4499	
457	1.0000	0.0000	0.0000	0.4410	
458	1.0000	0.0000	0.0000	0.4324	
459	1.0000	0.0000	0.0000	0.4241	
460	1.0000	0.0000	0.0000	0.4161	
461	1.0000	0.0000	0.0000	0.4084	
462	0.0000	0.0000	0.0000	0.4010	
463	0.0000	0.0000	0.0000	0.3939	
464	0.0000	0.0000	0.0000	0.3870	
465	0.0000	0.0000	0.0000	0.3805	
466	0.0000	0.0000	0.0000	0.3742	
467	0.0000	0.0000	0.0000	0.3682	
468	0.0000	0.0000	0.0000	0.3624	
469	0.0000	0.0000	0.0000	0.3569	
470	0.0000	0.0000	0.0000	0.3516	
471	0.0000	0.0000	0.0000	0.3466	
472	0.0000	0.0000	0.0000	0.3418	
473	0.0000	0.0000	0.0000	0.3372	
474	0.0000	0.0000	0.0000	0.3329	
475	0.0000	0.0000	0.0000	0.3287	
476	0.0000	0.0000	0.0000	0.3247	
477	0.0000	0.0000	0.0000	0.3210	
478	0.0000	0.0000	0.0000	0.3174	
479	0.0000	0.0000	0.0000	0.3140	
480	0.0000	0.0000	0.0000	0.3109	
481	0.0000	0.0000	0.0000	0.3080	
482	0.0000	0.0000	0.0000	0.3053	
483	0.0000	0.0000	0.0000	0.3030	
484	0.0000	0.0000	0.0000	0.3009	
485	0.0000	0.0000	0.0000	0.2991	
486	0.0000	0.0000	0.0000	0.2977	
487	0.0000	0.0000	0.0000	0.2966	
488	0.0000	0.0000	0.0000	0.2959	
489	0.0000	0.0000	0.0000	0.2955	
490	0.0000	0.0000	0.0000	0.2956	
491	0.0000	0.0000	0.0000	0.2960	
492	0.0000	0.0000	0.0000	0.2968	
493	0.0000	0.0000	0.0000	0.2980	
494	0.0000	0.0000	0.0000	0.2996	
495	0.0000	0.0000	0.0000	0.3016	
496	0.0000	0.0000	0.0000	0.3039	
497	0.0000	0.0000	0.0000	0.3067	
498	0.0000	0.0000	0.0000	0.3099	
499	0.0000	0.0000	0.0000	0.3134	
500	0.0000	0.0000	0.0000	0.3173	
501	0.0000	0.0000	0.0000	0.3215	
502	0.0000	0.0000	0.0000	0.3261	
503	0.0000	0.0000	0.0000	0.3310	
504	0.0000	0.0000	0.0000	0.3362	
505	0.0000	0.0000	0.0000	0.3417	
506	0.0000	0.0000	0.0000	0.3475	
507	0.0000	0.0000	0.0000	0.3536	
508	0.0000	0.0000	0.0000	0.3599	
509	0.0000	0.0000	0.0000	0.3664	
510	0.0000	0.0000	0.0000	0.3732	
511	0.0000	0.0000	0.0000	0.3801	
512	0.0000	0.0000	0.0000	0.3873	
513	0.0000	0.0000	0.0000	0.3945	
514	0.0000	0.0000	0.0000	0.4020	
515	0.0000	0.0000	0.0000	0.4095	
516	0.0000	0.0000	0.0000	0.4171	
517	0.0000	0.0000	0.0000	0.4248	
518	0.0000	0.0000	0.0000	0.4326	
519	0.0000	0.0000	0.0000	0.4404	
520	0.0000	0.0000	0.0000	0.4483	
521	0.0000	0.0000	0.0000	0.4561	
522	0.0000	0.0000	0.0000	0.4640	
523	0.0000	0.0000	0.0000	0.4718	
524	0.0000	0.0000	0.0000	0.4796	
525	0.0000	0.0000	0.0000	0.4874	
526	0.0000	0.0000	0.0000	0.4951	
527	0.0000	0.0000	0.0000	0.5027	
528	0.0000	0.0000	0.0000	0.5102	
529	0.0000	0.0000	0.0000	0.5176	
530	0.0000	0.0000	0.0000	0.5249	
531	0.0000	0.0000	0.0000	0.5321	
532	0.0000	0.0000	0.0000	0.5392	
533	0.0000	0.0000	0.0000	0.5462	
534	0.0000	0.0000	0.0000	0.5530	
535	0.0000	0.0000	0.0000	0.5597	
536	0.0000	0.0000	0.0000	0.5662	
537	0.0000	0.0000	0.0000	0.5726	
538	0.0000	0.0000	0.0000	0.5788	
539	0.0000	0.0000	0.0000	0.5849	
540	0.0000	0.0000	0.0000	0.5908	
541	0.0000	0.0000	0.0000	0.5966	
542	0.0000	0.0000	0.0000	0.6022	
543	0.0000	0.0000	0.0000	0.6076	
544	0.0000	0.0000	0.0000	0.6129	
545	0.0000	0.0000	0.0000	0.6180	
546	0.0000	0.0000	0.0000	0.6230	
547	0.0000	0.0000	0.0000	0.6278	
548	0.0000	0.0000	0.0000	0.6325	
549	0.0000	0.0000	0.0000	0.6370	
550	0.0000	0.0000	0.0000	0.6413	
551	0.0000	0.0000	0.0000	0.6455	
552	0.0000	0.0000	0.0000	0.6496	
553	0.0000	0.0000	0.0000	0.6535	
554	0.0000	0.0000	0.0000	0.6573	
555	0.0000	0.0000	0.0000	0.6609	
556	0.0000	0.0000	0.0000	0.6644	
557	0.0000	0.0000	0.0000	0.6678	
558	0.0000	0.0000	0.0000	0.6710	
559	0.0000	0.0000	0.0000	0.6741	
560	0.0000	0.0000	0.0000	0.6771	
561	0.0000	0.0000	0.0000	0.6800	
562	0.0000	0.0000	0.0000	0.6828	
563	0.0000	0.0000	0.0000	0.6854	
564	0.0000	0.0000	0.0000	0.6880	
565	0.0000	0.0000	0.0000	0.6904	
566	0.0000	0.0000	0.0000	0.6927	
567	0.0000	0.0000	0.0000	0.6950	
568	0.0000	0.0000	0.0000	0.6971	
569	0.0000	0.0000	0.0000	0.6992	
570	0.0000	0.0000	0.0000	0.7012	
571	0.0000	0.0000	0.0000	0.7031	
572	0.0000	0.0000	0.0000	0.7049	
573	0.0000	0.0000	0.0000	0.7066	
574	0.0000	0.0000	0.0000	0.7082	
575	0.0000	0.0000	0.0000	0.7098	
576	0.0000	0.0000	0.0000	0.7113	
577	0.0000	0.0000	0.0000	0.7128	
578	0.0000	0.0000	0.0000	0.7142	
579	0.0000	0.0000	0.0000	0.7155	
580	0.0000	0.0000	0.0000	0.7167	
581	0.0000	0.0000	0.0000	0.7179	
582	0.0000	0.0000	0.0000	0.7191	
583	0.0000	0.0000	0.0000	0.7202	
584	0.0000	0.0000	0.0000	0.7212	
585	0.0000	0.0000	0.0000	0.7222	
586	0.0000	0.0000	0.0000	0.7232	
587	0.0000	0.0000	0.0000	0.7241	
588	0.0000	0.0000	0.0000	0.7250	
589	0.0000	0.0000	0.0000	0.7258	
590	0.0000	0.0000	0.0000	0.7266	
591	0.0000	0.0000	0.0000	0.7273	
592	0.0000	0.0000	0.0000	0.7281	
593	0.0000	0.0000	0.0000	0.7287	
594	0.0000	0.0000	0.0000	0.7294	
595	0.0000	0.0000	0.0000	0.7300	
596	0.0000	0.0000	0.0000	0.7306	
597	0.0000	0.0000	0.0000	0.7312	
598	0.0000	0.0000	0.0000	0.7317	
599	0.0000	0.0000	0.0000	0.7322	
600	0.0000	0.0000	0.0000	0.7327	
601	0.0000	0.0000	0.0000	0.7332	
602	1.0000	0.0000	0.0000	0.7336	
603	1.0000	0.0000	0.0000	0.7340	
604	1.0000	0.0000	0.0000	0.7344	
605	1.0000	0.0000	0.0000	0.7348	
606	1.0000	0.0000	0.0000	0.7352	
607	1.0000	0.0000	0.0000	0.7355	
608	1.0000	0.0000	0.0000	0.7358	
609	1.0000	0.0000	0.0000	0.7362	
610	1.0000	0.0000	0.0000	0.7365	
611	1.0000	0.0000	0.0000	0.7367	
612	1.0000	0.0000	0.0000	0.7370	
613	1.0000	0.0000	0.0000	0.7373	
614	1.0000	0.0000	0.0000	0.7375	
615	1.0000	0.0000	0.0000	0.7377	
616	1.0000	0.0000	0.0000	0.7380	
617	1.0000	0.0000	0.0000	0.7382	
618	1.0000	0.0000	0.0000	0.7383	
619	1.0000	0.0000	0.0000	0.7384	
620	1.0000	0.0000	0.0000	0.7382	
621	1.0000	0.0000	0.0000	0.7378	
622	1.0000	0.0000	0.0000	0.7369	
623	1.0000	0.0000	0.0000	0.7356	
624	1.0000	0.0000	0.0000	0.7338	
625	1.0000	0.0000	0.0000	0.7314	
626	1.0000	0.0000	0.0000	0.7283	
627	1.0000	0.0000	0.0000	0.7246	
628	1.0000	0.0000	0.0000	0.7201	
629	1.0000	0.0000	0.0000	0.7150	
630	1.0000	0.0000	0.0000	0.7091	
631	1.0000	0.0000	0.0000	0.7026	
632	1.0000	0.0000	0.0000	0.6954	
633	1.0000	0.0000	0.0000	0.6876	
634	1.0000	0.0000	0.0000	0.6791	
635	1.0000	0.0000	0.0000	0.6702	
636	1.0000	0.0000	0.0000	0.6608	
637	1.0000	0.0000	0.0000	0.6509	
638	1.0000	0.0000	0.0000	0.6407	
639	1.0000	0.0000	0.0000	0.6301	
640	1.0000	0.0000	0.0000	0.6194	
641	1.0000	0.0000	0.0000	0.6084	
642	1.0000	0.0000	0.0000	0.5972	
643	1.0000	0.0000	0.0000	0.5860	
644	1.0000	0.0000	0.0000	0.5748	
645	1.0000	0.0000	0.0000	0.5635	
646	1.0000	0.0000	0.0000	0.5523	
647	1.0000	0.0000	0.0000	0.5412	
648	1.0000	0.0000	0.0000	0.5303	
649	1.0000	0.0000	0.0000	0.5194	
650	1.0000	0.0000	0.0000	0.5088	
651	1.0000	0.0000	0.0000	0.4984	
652	1.0000	0.0000	0.0000	0.4882	
653	1.0000	0.0000	0.0000	0.4782	
654	1.0000	0.0000	0.0000	0.4685	
655	1.0000	0.0000	0.0000	0.4590	
656	1.0000	0.0000	0.0000	0.4499	
657	1.0000	0.0000	0.0000	0.4410	
658	1.0000	0.0000	0.0000	0.4324	
659	1.0000	0.0000	0.0000	0.4241	
660	1.0000	0.0000	0.0000	0.4161	
661	1.0000	0.0000	0.0000	0.4084	
662	0.0000	0.0000	0.0000	0.4010	
663	0.0000	0.0000	0.0000	0.3939	
664	0.0000	0.0000	0.0000	0.3870	
665	0.0000	0.0000	0.0000	0.3805	
666	0.0000	0.0000	0.0000	0.3742	
667	0.0000	0.0000	0.0000	0.3682	
668	0.0000	0.0000	0.0000	0.3624	
669	0.0000	0.0000	0.0000	0.3569	
670	0.0000	0.0000	0.0000	0.3516	
671	0.0000	0.0000	0.0000	0.3466	
672	0.0000	0.0000	0.0000	0.3418	
673	0.0000	0.0000	0.0000	0.3372	
674	0.0000	0.0000	0.0000	0.3329	
675	0.0000	0.0000	0.0000	0.3287	
676	0.0000	0.0000	0.0000	0.3247	
677	0.0000	0.0000	0.0000	0.3210	
678	0.0000	0.0000	0.0000	0.3174	
679	0.0000	0.0000	0.0000	0.3140	
680	0.0000	0.0000	0.0000	0.3109	
681	0.0000	0.0000	0.0000	0.3080	
682	0.0000	0.0000	0.0000	0.3053	
683	0.0000	0.0000	0.0000	0.3030	
684	0.0000	0.0000	0.0000	0.3009	
685	0.0000	0.0000	0.0000	0.2991	
686	0.0000	0.0000	0.0000	0.2977	
687	0.0000	0.0000	0.0000	0.2966	
688	0.0000	0.0000	0.0000	0.2959	
689	0.0000	0.0000	0.0000	0.2955	
690	0.0000	0.0000	0.0000	0.2956	
691	0.0000	0.0000	0.0000	0.2960	
692	0.0000	0.0000	0.0000	0.2968	
693	0.0000	0.0000	0.0000	0.2980	
694	0.0000	0.0000	0.0000	0.2996	
695	0.0000	0.0000	0.0000	0.3016	
696	0.0000	0.0000	0.0000	0.3039	
697	0.0000	0.0000	0.0000	0.3067	
698	0.0000	0.0000	0.0000	0.3099	
699	0.0000	0.0000	0.0000	0.3134	
700	0.0000	0.0000	0.0000	0.3173	
701	0.0000	0.0000	0.0000	0.3215	
702	0.0000	0.0000	0.0000	0.3261	
703	0.0000	0.0000	0.0000	0.3310	
704	0.0000	0.0000	0.0000	0.3362	
705	0.0000	0.0000	0.0000	0.3417	
706	0.0000	0.0000	0.0000	0.3475	
707	0.0000	0.0000	0.0000	0.3536	
708	0.0000	0.0000	0.0000	0.3599	
709	0.0000	0.0000	0.0000	0.3664	
710	0.0000	0.0000	0.0000	0.3732	
711	0.0000	0.0000	0.0000	0.3801	
712	0.0000	0.0000	0.0000	0.3873	
713	0.0000	0.0000	0.0000	0.3945	
714	0.0000	0.0000	0.0000	0.4020	
715	0.0000	0.0000	0.0000	0.4095	
716	0.0000	0.0000	0.0000	0.4171	
717	0.0000	0.0000	0.0000	0.4248	
718	0.0000	0.0000	0.0000	0.4326	
719	0.0000	0.0000	0.0000	0.4404	
720	0.0000	0.0000	0.0000	0.4483	
721	0.0000	0.0000	0.0000	0.4561	
722	0.0000	0.0000	0.0000	0.4640	
723	0.0000	0.0000	0.0000	0.4718	
724	0.0000	0.0000	0.0000	0.4796	
725	0.0000	0.0000	0.0000	0.4874	
726	0.0000	0.0000	0.0000	0.4951	
727	0.0000	0.0000	0.0000	0.5027	
728	0.0000	0.0000	0.0000	0.5102	
729	0.0000	0.0000	0.0000	0.5176	
730	0.0000	0.0000	0.0000	0.5249	
731	0.0000	0.0000	0.0000	0.5321	
732	0.0000	0.0000	0.0000	0.5392	
733	0.0000	0.0000	0.0000	0.5462	
734	0.0000	0.0000	0.0000	0.5530	
735	0.0000	0.0000	0.0000	0.5597	
736	0.0000	0.0000	0.0000	0.5662	
737	0.0000	0.0000	0.0000	0.5726	
738	0.0000	0.0000	0.0000	0.5788	
739	0.0000	0.0000	0.0000	0.5849	
740	0.0000	0.0000	0.0000	0.5908	
741	0.0000	0.0000	0.0000	0.5966	
742	0.0000	0.0000	0.0000	0.6022	
743	0.0000	0.0000	0.0000	0.6076	
744	0.0000	0.0000	0.0000	0.6129	
745	0.0000	0.0000	0.0000	0.6180	
746	0.0000	0.0000	0.0000	0.6230	
747	0.0000	0.0000	0.0000	0.6278	
748	0.0000	0.0000	0.0000	0.6325	
749	0.0000	0.0000	0.0000	0.6370	
750	0.0000	0.0000	0.0000	0.6413	
751	0.0000	0.0000	0.0000	0.6455	
752	0.0000	0.0000	0.0000	0.6496	
753	0.0000	0.0000	0.0000	0.6535	
754	0.0000	0.0000	0.0000	0.6573	
755	0.0000	0.0000	0.0000	0.6609	
756	0.0000	0.0000	0.0000	0.6644	
757	0.0000	0.0000	0.0000	0.6678	
758	0.0000	0.0000	0.0000	0.6710	
759	0.0000	0.0000	0.0000	0.6741	
760	0.0000	0.0000	0.0000	0.6771	
761	0.0000	0.0000	0.0000	0.6800	
762	0.0000	0.0000	0.0000	0.6828	
763	0.0000	0.0000	0.0000	0.6854	
764	0.0000	0.0000	0.0000	0.6880	
765	0.0000	0.0000	0.0000	0.6904	
766	0.0000	0.0000	0.0000	0.6927	
767	0.0000	0.0000	0.0000	0.6950	
768	0.0000	0.0000	0.0000	0.6971	
769	0.0000	0.0000	0.0000	0.6992	
770	0.0000	0.0000	0.0000	0.7012	
771	0.0000	0.0000	0.0000	0.7031	
772	0.0000	0.0000	0.0000	0.7049	
773	0.0000	0.0000	0.0000	0.7066	
774	0.0000	0.0000	0.0000	0.7082	
775	0.0000	0.0000	0.0000	0.7098	
776	0.0000	0.0000	0.0000	0.7113	
777	0.0000	0.0000	0.0000	0.7128	
778	0.0000	0.0000	0.0000	0.7142	
779	0.0000	0.0000	0.0000	0.7155	
780	0.0000	0.0000	0.0000	0.7167	
781	0.0000	0.0000	0.0000	0.7179	
782	0.0000	0.0000	0.0000	0.7191	
783	0.0000	0.0000	0.0000	0.7202	
784	0.0000	0.0000	0.0000	0.7212	
785	0.0000	0.0000	0.0000	0.7222	
786	0.0000	0.0000	0.0000	0.7232	
787	0.0000	0.0000	0.0000	0.7241	
788	0.0000	0.0000	0.0000	0.7250	
789	0.0000	0.0000	0.0000	0.7258	
790	0.0000	0.0000	0.0000	0.7266	
791	0.0000	0.0000	0.0000	0.7273	
792	0.0000	0.0000	0.0000	0.7281	
793	0.0000	0.0000	0.0000	0.7287	
794	0.0000	0.0000	0.0000	0.7294	
795	0.0000	0.0000	0.0000	0.7300	
796	0.0000	0.0000	0.0000	0.7306	
797	0.0000	0.0000	0.0000	0.7312	
798	0.0000	0.0000	0.0000	0.7317	
799	0.0000	0.0000	0.0000	0.7322	
800	0.0000	0.0000	0.0000	0.7327	
801	0.0000	0.0000	0.0000	0.7332	
802	1.0000	0.0000	0.0000	0.7336	
803	1.0000	0.0000	0.0000	0.7340	
804	1.0000	0.0000	0.0000	0.7344	
805	1.0000	0.0000	0.0000	0.7348	
806	1.0000	0.0000	0.0000	0.7352	
807	1.0000	0.0000	0.0000	0.7355	
808	1.0000	0.0000	0.0000	0.7358	
809	1.0000	0.0000	0.0000	0.7362	
810	1.0000	0.0000	0.0000	0.7365	
811	1.0000	0.0000	0.0000	0.7367	
812	1.0000	0.0000	0.0000	0.7370	
813	1.0000	0.0000	0.0000	0.7373	
814	1.0000	0.0000	0.0000	0.7375	
815	1.0000	0.0000	0.0000	0.7377	
816	1.0000	0.0000	0.0000	0.7380	
817	1.0000	0.0000	0.0000	0.7382	
818	1.0000	0.0000	0.0000	0.7383	
819	1.0000	0.0000	0.0000	0.7384	
820	1.0000	0.0000	0.0000	0.7382	
821	1.0000	0.0000	0.0000	0.7378	
822	1.0000	0.0000	0.0000	0.7369	
823	1.0000	0.0000	0.0000	0.7356	
824	1.0000	0.0000	0.0000	0.7338	
825	1.0000	0.0000	0.0000	0.7314	
826	1.0000	0.0000	0.0000	0.7283	
827	1.0000	0.0000	0.0000	0.7246	
828	1.0000	0.0000	0.0000	0.7201	
829	1.0000	0.0000	0.0000	0.7150	
830	1.0000	0.0000	0.0000	0.7091	
831	1.0000	0.0000	0.0000	0.7026	
832	1.0000	0.0000	0.0000	0.6954	
833	1.0000	0.0000	0.0000	0.6876	
834	1.0000	0.0000	0.0000	0.6791	
835	1.0000	0.0000	0.0000	0.6702	
836	1.0000	0.0000	0.0000	0.6608	
837	1.0000	0.0000	0.0000	0.6509	
838	1.0000	0.0000	0.0000	0.6407	
839	1.0000	0.0000	0.0000	0.6301	
840	1.0000	0.0000	0.0000	0.6194	
841	1.0000	0.0000	0.0000	0.6084	
842	1.0000	0.0000	0.0000	0.5972	
843	1.0000	0.0000	0.0000	0.5860	
844	1.0000	0.0000	0.0000	0.5748	
845	1.0000	0.0000	0.0000	0.5635	
846	1.0000	0.0000	0.0000	0.5523	
847	1.0000	0.0000	0.0000	0.5412	
848	1.0000	0.0000	0.0000	0.5303	
849	1.0000	0.0000	0.0000	0.5194	
850	1.0000	0.0000	0.0000	0.5088	
851	1.0000	0.0000	0.0000	0.4984	
852	1.0000	0.0000	0.0000	0.4882	
853	1.0000	0.0000	0.0000	0.4782	
854	1.0000	0.0000	0.0000	0.4685	
855	1.0000	0.0000	0.0000	0.4590	
856	1.0000	0.0000	0.0000	0.4499	
857	1.0000	0.0000	0.0000	0.4410	
858	1.0000	0.0000	0.0000	0.4324	
859	1.0000	0.0000	0.0000	0.4241	
860	1.0000	0.0000	0.0000	0.4161	
861	1.0000	0.0000	0.0000	0.4084	
862	0.0000	0.0000	0.0000	0.4010	
863	0.0000	0.0000	0.0000	0.3939	
864	0.0000	0.0000	0.0000	0.3870	
865	0.0000	0.0000	0.0000	0.3805	
866	0.0000	0.0000	0.0000	0.3742	
867	0.0000	0.0000	0.0000	0.3682	
868	0.0000	0.0000	0.0000	0.3624	
869	0.0000	0.0000	0.0000	0.3569	
870	0.0000	0.0000	0.0000	0.3516	
871	0.0000	0.0000	0.0000	0.3466	
872	0.0000	0.0000	0.0000	0.3418	
873	0.0000	0.0000	0.0000	0.3372	
874	0.0000	0.0000	0.0000	0.3329	
875	0.0000	0.0000	0.0000	0.3287	
876	0.0000	0.0000	0.0000	0.3247	
877	0.0000	0.0000	0.0000	0.3210	
878	0.0000	0.0000	0.0000	0.3174	
879	0.0000	0.0000	0.0000	0.3140	
880	0.0000	0.0000	0.0000	0.3109	
881	0.0000	0.0000	0.0000	0.3080	
882	0.0000	0.0000	0.0000	0.3053	
883	0.0000	0.0000	0.0000	0.3030	
884	0.0000	0.0000	0.0000	0.3009	
885	0.0000	0.0000	0.0000	0.2991	
886	0.0000	0.0000	0.0000	0.2977	
887	0.0000	0.0000	0.0000	0.2966	
888	0.0000	0.0000	0.0000	0.2959	
889	0.0000	0.0000	0.0000	0.2955	
890	0.0000	0.0000	0.0000	0.2956	
891	0.0000	0.0000	0.0000	0.2960	
892	0.0000	0.0000	0.0000	0.2968	
893	0.0000	0.0000	0.0000	0.2980	
894	0.0000	0.0000	0.0000	0.2996	
895	0.0000	0.0000	0.0000	0.3016	
896	0.0000	0.0000	0.0000	0.3039	
897	0.0000	0.0000	0.0000	0.3067	
898	0.0000	0.0000	0.0000	0.3099	
899	0.0000	0.0000	0.0000	0.3134	
900	0.0000	0.0000	0.0000	0.3173	
901	0.0000	0.0000	0.0000	0.3215	
902	0.0000	0.0000	0.0000	0.3261	
903	0.0000	0.0000	0.0000	0.3310	
904	0.0000	0.0000	0.0000	0.3362	
905	0.0000	0.0000	0.0000	0.3417	
906	0.0000	0.0000	0.0000	0.3475	
907	0.0000	0.0000	0.0000	0.3536	
908	0.0000	0.0000	0.0000	0.3599	
909	0.0000	0.0000	0.0000	0.3664	
910	0.0000	0.0000	0.0000	0.3732	
911	0.0000	0.0000	0.0000	0.3801	
912	0.0000	0.0000	0.0000	0.3873	
913	0.0000	0.0000	0.0000	0.3945	
914	0.0000	0.0000	0.0000	0.4020	
915	0.0000	0.0000	0.0000	0.4095	
916	0.0000	0.0000	0.0000	0.4171	
917	0.0000	0.0000	0.0000	0.4248	
918	0.0000	0.0000	0.0000	0.4326	
919	0.0000	0.0000	0.0000	0.4404	
920	0.0000	0.0000	0.0000	0.4483	
921	0.0000	0.0000	0.0000	0.4561	
922	0.0000	0.0000	0.0000	0.4640	
923	0.0000	0.0000	0.0000	0.4718	
924	0.0000	0.0000	0.0000	0.4796	
925	0.0000	0.0000	0.0000	0.4874	
926	0.0000	0.0000	0.0000	0.4951	
927	0.0000	0.0000	0.0000	0.5027	
928	0.0000	0.0000	0.0000	0.5102	
929	0.0000	0.0000	0.0000	0.5176	
930	0.0000	0.0000	0.0000	0.5249	
931	0.0000	0.0000	0.0000	0.5321	
932	0.0000	0.0000	0.0000	0.5392	
933	0.0000	0.0000	0.0000	0.5462	
934	0.0000	0.0000	0.0000	0.5530	
935	0.0000	0.0000	0.0000	0.5597	
936	0.0000	0.0000	0.0000	0.5662	
937	0.0000	0.0000	0.0000	0.5726	
938	0.0000	0.0000	0.0000	0.5788	
939	0.0000	0.0000	0.0000	0.5849	
940	0.0000	0.0000	0.0000	0.5908	
941	0.0000	0.0000	0.0000	0.5966	
942	0.0000	0.0000	0.0000	0.6022	
943	0.0000	0.0000	0.0000	0.6076	
944	0.0000	0.0000	0.0000	0.6129	
945	0.0000	0.0000	0.0000	0.6180	
946	0.0000	0.0000	0.0000	0.6230	
947	0.0000	0.0000	0.0000	0.6278	
948	0.0000	0.0000	0.0000	0.6325	
949	0.0000	0.0000	0.0000	0.6370	
950	0.0000	0.0000	0.0000	0.6413	
951	0.0000	0.0000	0.0000	0.6455	
952	0.0000	0.0000	0.0000	0.6496	
953	0.0000	0.0000	0.0000	0.6535	
954	0.0000	0.0000	0.0000	0.6573	
955	0.0000	0.0000	0.0000	0.6609	
956	0.0000	0.0000	0.0000	0.6644	
957	0.0000	0.0000	0.0000	0.6678	
958	0.0000	0.0000	0.0000	0.6710	
959	0.0000	0.0000	0.0000	0.6741	
960	0.0000	0.0000	0.0000	0.6771	
961	0.0000	0.0000	0.0000	0.6800	
962	0.0000	0.0000	0.0000	0.6828	
963	0.0000	0.0000	0.0000	0.6854	
964	0.0000	0.0000	0.0000	0.6880	
965	0.0000	0.0000	0.0000	0.6904	
966	0.0000	0.0000	0.0000	0.6927	
967	0.0000	0.0000	0.0000	0.6950	
968	0.0000	0.0000	0.0000	0.6971	
969	0.0000	0.0000	0.0000	0.6992	
970	0.0000	0.0000	0.0000	0.7012	
971	0.0000	0.0000	0.0000	0.7031	
972	0.0000	0.0000	0.0000	0.7049	
973	0.0000	0.0000	0.0000	0.7066	
974	0.0000	0.0000	0.0000	0.7082	
975	0.0000	0.0000	0.0000	0.7098	
976	0.0000	0.0000	0.0000	0.7113	
977	0.0000	0.0000	0.0000	0.7128	
978	0.0000	0.0000	0.0000	0.7142	
979	0.0000	0.0000	0.0000	0.7155	
980	0.0000	0.0000	0.0000	0.7167	
981	0.0000	0.0000	0.0000	0.7179	
982	0.0000	0.0000	0.0000	0.7191	
983	0.0000	0.0000	0.0000	0.7202	
984	0.0000	0.0000	0.0000	0.7212	
985	0.0000	0.0000	0.0000	0.7222	
986	0.0000	0.0000	0.0000	0.7232	
987	0.0000	0.0000	0.0000	0.7241	
988	0.0000	0.0000	0.0000	0.7250	
989	0.0000	0.0000	0.0000	0.7258	
990	0.0000	0.0000	0.0000	0.7266	
991	0.0000	0.0000	0.0000	0.7273	
992	0.0000	0.0000	0.0000	0.7281	
993	0.0000	0.0000	0.0000	0.7287	
994	0.0000	0.0000	0.0000	0.7294	
995	0.0000	0.0000	0.0000	0.7300	
996	0.0000	0.0000	0.0000	0.7306	
997	0.0000	0.0000	0.0000	0.7312	
998	0.0000	0.0000	0.0000	0.7317	
999	0.0000	0.0000	0.0000	0.7322	
1000	0.0000	0.0000	0.0000	0.7327	
1001	0.0000	0.0000	0.0000	0.7332	
1002	1.0000	0.0000	0.0000	0.7336	
1003	1.0000	0.0000	0.0000	0.7340	
1004	1.0000	0.0000	0.0000	0.7344	
1005	1.0000	0.0000	0.0000	0.7348	
1006	1.0000	0.0000	0.0000	0.7352	
1007	1.0000	0.0000	0.0000	0.7355	
1008	1.0000	0.0000	0.0000	0.7358	
1009	1.0000	0.0000	0.0000	0.7362	
1010	1.0000	0.0000	0.0000	0.7365	
1011	1.0000	0.0000	0.0000	0.7367	
1012	1.0000	0.0000	0.0000	0.7370	
1013	1.0000	0.0000	0.0000	0.7373	
1014	1.0000	0.0000	0.0000	0.7375	
1015	1.0000	0.0000	0.0000	0.7377	
1016	1.0000	0.0000	0.0000	0.7380	
1017	1.0000	0.0000	0.0000	0.7382	
1018	1.0000	0.0000	0.0000	0.7383	
1019	1.0000	0.0000	0.0000	0.7384	
1020	1.0000	0.0000	0.0000	0.7382	
1021	1.0000	0.0000	0.0000	0.7378	
1022	1.0000	0.0000	0.0000	0.7369	
1023	1.0000	0.0000	0.0000	0.7356	
1024	1.0000	0.0000	0.0000	0.7338	
1025	1.0000	0.0000	0.0000	0.7314	
1026	1.0000	0.0000	0.0000	0.7283	
1027	1.0000	0.0000	0.0000	0.7246	
1028	1.0000	0.0000	0.0000	0.7201	
1029	1.0000	0.0000	0.0000	0.7150	
1030	1.0000	0.0000	0.0000	0.7091	
1031	1.0000	0.0000	0.0000	0.7026	
1032	1.0000	0.0000	0.0000	0.6954	
1033	1.0000	0.0000	0.0000	0.6876	
1034	1.0000	0.0000	0.0000	0.6791	
1035	1.0000	0.0000	0.0000	0.6702	
1036	1.0000	0.0000	0.0000	0.6608	
1037	1.0000	0.0000	0.0000	0.6509	
1038	1.0000	0.0000	0.0000	0.6407	
1039	1.0000	0.0000	0.0000	0.6301	
1040	1.0000	0.0000	0.0000	0.6194	
1041	1.0000	0.0000	0.0000	0.6084	
1042	1.0000	0.0000	0.0000	0.5972	
1043	1.0000	0.0000	0.0000	0.5860	
1044	1.0000	0.0000	0.0000	0.5748	
1045	1.0000	0.0000	0.0000	0.5635	
1046	1.0000	0.0000	0.0000	0.5523	
1047	1.0000	0.0000	0.0000	0.5412	
1048	1.0000	0.0000	0.0000	0.5303	
1049	1.0000	0.0000	0.0000	0.5194	
1050	1.0000	0.0000	0.0000	0.5088	
1051	1.0000	0.0000	0.0000	0.4984	
1052	1.0000	0.0000	0.0000	0.4882	
1053	1.0000	0.0000	0.0000	0.4782	
1054	1.0000	0.0000	0.0000	0.4685	
1055	1.0000	0.0000	0.0000	0.4590	
1056	1.0000	0.0000	0.0000	0.4499	
1057	1.0000	0.0000	0.0000	0.4410	
1058	1.0000	0.0000	0.0000	0.4324	
1059	1.0000	0.0000	0.0000	0.4241	
1060	1.0000	0.0000	0.0000	0.4161	
1061	1.0000	0.0000	0.0000	0.4084	
1062	0.0000	0.0000	0.0000	0.4010	
1063	0.0000	0.0000	0.0000	0.3939	
1064	0.0000	0.0000	0.0000	0.3870	
1065	0.0000	0.0000	0.0000	0.3805	
1066	0.0000	0.0000	0.0000	0.3742	
1067	0.0000	0.0000	0.0000	0.3682	
1068	0.0000	0.0000	0.0000	0.3624	
1069	0.0000	0.0000	0.0000	0.3569	
1070	0.0000	0.0000	0.0000	0.3516	
1071	0.0000	0.0000	0.0000	0.3466	
1072	0.0000	0.0000	0.0000	0.3418	
1073	0.0000	0.0000	0.0000	0.3372	
1074	0.0000	0.0000	0.0000	0.3329	
1075	0.0000	0.0000	0.0000	0.3287	
1076	0.0000	0.0000	0.0000	0.3247	
1077	0.0000	0.0000	0.0000	0.3210	
1078	0.0000	0.0000	0.0000	0.3174	
1079	0.0000	0.0000	0.0000	0.3140	
1080	0.0000	0.0000	0.0000	0.3109	
1081	0.0000	0.0000	0.0000	0.3080	
1082	0.0000	0.0000	0.0000	0.3053	
1083	0.0000	0.0000	0.0000	0.3030	
1084	0.0000	0.0000	0.0000	0.3009	
1085	0.0000	0.0000	0.0000	0.2991	
1086	0.0000	0.0000	0.0000	0.2977	
1087	0.0000	0.0000	0.0000	0.2966	
1088	0.0000	0.0000	0.0000	0.2959	
1089	0.0000	0.0000	0.0000	0.2955	
1090	0.0000	0.0000	0.0000	0.2956	
1091	0.0000	0.0000	0.0000	0.2960	
1092	0.0000	0.0000	0.0000	0.2968	
1093	0.0000	0.0000	0.0000	0.2980	
1094	0.0000	0.0000	0.0000	0.2996	
1095	0.0000	0.0000	0.0000	0.3016	
1096	0.0000	0.0000	0.0000	0.3039	
1097	0.0000	0.0000	0.0000	0.3067	
1098	0.0000	0.0000	0.0000	0.3099	
1099	0.0000	0.0000	0.0000	0.3134	
1100	0.0000	0.0000	0.0000	0.3173	
1101	0.0000	0.0000	0.0000	0.3215	
1102	0.0000	0.0000	0.0000	0.3261	
1103	0.0000	0.0000	0.0000	0.3310	
1104	0.0000	0.0000	0.0000	0.3362	
1105	0.0000	0.0000	0.0000	0.3417	
1106	0.0000	0.0000	0.0000	0.3475	
1107	0.0000	0.0000	0.0000	0.3536	
1108	0.0000	0.0000	0.0000	0.3599	
1109	0.0000	0.0000	0.0000	0.3664	
1110	0.0000	0.0000	0.0000	0.3732	
1111	0.0000	0.0000	0.0000	0.3801	
1112	0.0000	0.0000	0.0000	0.3873	
1113	0.0000	0.0000	0.0000	0.3945	
1114	0.0000	0.0000	0.0000	0.4020	
1115	0.0000	0.0000	0.0000	0.4095	
1116	0.0000	0.0000	0.0000	0.4171	
1117	0.0000	0.0000	0.0000	0.4248	
1118	0.0000	0.0000	0.0000	0.4326	
1119	0.0000	0.0000	0.0000	0.4404	
1120	0.0000	0.0000	0.0000	0.4483	
1121	0.0000	0.0000	0.0000	0.4561	
1122	0.0000	0.0000	0.0000	0.4640	
1123	0.0000	0.0000	0.0000	0.4718	
1124	0.0000	0.0000	0.0000	0.4796	
1125	0.0000	0.0000	0.0000	0.4874	
1126	0.0000	0.0000	0.0000	0.4951	
1127	0.0000	0.0000	0.0000	0.5027	
1128	0.0000	0.0000	0.0000	0.5102	
1129	0.0000	0.0000	0.0000	0.5176	
1130	0.0000	0.0000	0.0000	0.5249	
1131	0.0000	0.0000	0.0000	0.5321	
1132	0.0000	0.0000	0.0000	0.5392	
1133	0.0000	0.0000	0.0000	0.5462	
1134	0.0000	0.0000	0.0000	0.5530	
1135	0.0000	0.0000	0.0000	0.5597	
1136	0.0000	0.0000	0.0000	0.5662	
1137	0.0000	0.0000	0.0000	0.5726	
1138	0.0000	0.0000	0.0000	0.5788	
1139	0.0000	0.0000	0.0000	0.5849	
1140	0.0000	0.0000	0.0000	0.5908	
1141	0.0000	0.0000	0.0000	0.5966	
1142	0.0000	0.0000	0.0000	0.6022	
1143	0.0000	0.0000	0.0000	0.6076	
1144	0.0000	0.0000	0.0000	0.6129	
1145	0.0000	0.0000	0.0000	0.6180	
1146	0.0000	0.0000	0.0000	0.6230	
1147	0.0000	0.0000	0.0000	0.6278	
1148	0.0000	0.0000	0.0000	0.6325	
1149	0.0000	0.0000	0.0000	0.6370	
1150	0.0000	0.0000	0.0000	0.6413	
1151	0.0000	0.0000	0.0000	0.6455	
1152	0.0000	0.0000	0.0000	0.6496	
1153	0.0000	0.0000	0.0000	0.6535	
1154	0.0000	0.0000	0.0000	0.6573	
1155	0.0000	0.0000	0.0000	0.6609	
1156	0.0000	0.0000	0.0000	0.6644	
1157	0.0000	0.0000	0.0000	0.6678	
1158	0.0000	0.0000	0.0000	0.6710	
1159	0.0000	0.0000	0.0000	0.6741	
1160	0.0000	0.0000	0.0000	0.6771	
1161	0.0000	0.0000	0.0000	0.6800	
1162	0.0000	0.0000	0.0000	0.6828	
1163	0.0000	0.0000	0.0000	0.6854	
1164	0.0000	0.0000	0.0000	0.6880	
1165	0.0000	0.0000	0.0000	0.6904	
1166	0.0000	0.0000	0.0000	0.6927	
1167	0.0000	0.0000	0.0000	0.6950	
1168	0.0000	0.0000	0.0000	0.6971	
1169	0.0000	0.0000	0.0000	0.6992	
1170	0.0000	0.0000	0.0000	0.7012	
1171	0.0000	0.0000	0.0000	0.7031	
1172	0.0000	0.0000	0.0000	0.7049	
1173	0.0000	0.0000	0.0000	0.7066	
1174	0.0000	0.0000	0.0000	0.7082	
1175	0.0000	0.0000	0.0000	0.7098	
1176	0.0000	0.0000	0.0000	0.7113	
1177	0.0000	0.0000	0.0000	0.7128	
1178	0.0000	0.0000	0.0000	0.7142	
1179	0.0000	0.0000	0.0000	0.7155	
1180	0.0000	0.0000	0.0000	0.7167	
1181	0.0000	0.0000	0.0000	0.7179	
1182	0.0000	0.0000	0.0000	0.7191	
1183	0.0000	0.0000	0.0000	0.7202	
1184	0.0000	0.0000	0.0000	0.7212	
1185	0.0000	0.0000	0.0000	0.7222	
1186	0.0000	0.0000	0.0000	0.7232	
1187	0.0000	0.0000	0.0000	0.7241	
1188	0.0000	0.0000	0.0000	0.7250	
1189	0.0000	0.0000	0.0000	0.7258	
1190	0.0000	0.0000	0.0000	0.7266	
1191	0.0000	0.0000	0.0000	0.7273	
1192	0.0000	0.0000	0.0000	0.7281	
1193	0.0000	0.0000	0.0000	0.7287	
1194	0.0000	0.0000	0.0000	0.7294	
1195	0.0000	0.0000	0.0000	0.7300	
1196	0.0000	0.0000	0.0000	0.7306	
1197	0.0000	0.0000	0.0000	0.7312	
1198	0.0000	0.0000	0.0000	0.7317	
1199	0.0000	0.0000	0.0000	0.7322	
1200	0.0000	0.0000	0.0000	0.7327	
1201	0.0000	0.0000	0.0000	0.7332	
1202	1.0000	0.0000	0.0000	0.7336	
1203	1.0000	0.0000	0.0000	0.7340	
1204	1.0000	0.0000	0.0000	0.7344	
1205	1.0000	0.0000	0.0000	0.7348	
1206	1.0000	0.0000	0.0000	0.7352	
1207	1.0000	0.0000	0.0000	0.7355	
1208	1.0000	0.0000	0.0000	0.7358	
1209	1.0000	0.0000	0.0000	0.7362	
1210	1.0000	0.0000	0.0000	0.7365	
1211	1.0000	0.0000	0.0000	0.7367	
1212	1.0000	0.0000	0.0000	0.7370	
1213	1.0000	0.0000	0.0000	0.7373	
1214	1.0000	0.0000	0.0000	0.7375	
1215	1.0000	0.0000	0.0000	0.7377	
1216	1.0000	0.0000	0.0000	0.7380	
1217	1.0000	0.0000	0.0000	0.7382	
1218	1.0000	0.0000	0.0000	0.7383	
1219	1.0000	0.0000	0.0000	0.7384	
1220	1.0000	0.0000	0.0000	0.7382	
1221	1.0000	0.0000	0.0000	0.7378	
1222	1.0000	0.0000	0.0000	0.7369	
1223	1.0000	0.0000	0.0000	0.7356	
1224	1.0000	0.0000	0.0000	0.7338	
1225	1.0000	0.0000	0.0000	0.7314	
1226	1.0000	0.0000	0.0000	0.7283	
1227	1.0000	0.0000	0.0000	0.7246	
