T/1	Light/1	Pupil/3			
0	0.0000	0.0000	0.0000	0.0000	
1	0.5000	0.0000	0.0000	0.0200	
2	1.5000	0.0000	0.0000	0.0380	
3	1.5000	0.0000	0.0000	0.0542	
4	1.5000	0.0000	0.0000	0.0688	
5	1.5000	0.0000	0.0000	0.0819	
6	1.5000	0.0000	0.0000	0.0937	
7	1.5000	0.0000	0.0000	0.1043	
8	1.5000	0.0000	0.0000	0.1139	
9	1.5000	0.0000	0.0000	0.1225	
10	1.5000	0.0000	0.0000	0.1303	
11	1.5000	0.0000	0.0000	0.1372	
12	1.5000	0.0000	0.0000	0.1435	
13	1.5000	0.0000	0.0000	0.1492	
14	1.5000	0.0000	0.0000	0.1542	
15	1.5000	0.0000	0.0000	0.1596	
16	1.5000	0.0000	0.0000	0.1658	
17	1.5000	0.0000	0.0000	0.1732	
18	1.5000	0.0000	0.0000	0.1820	
19	1.5000	0.0000	0.0000	0.1921	
20	1.5000	0.0000	0.0000	0.2034	
21	1.5000	0.0000	0.0000	0.2157	
22	0.5000	0.0000	0.0000	0.2288	
23	0.5000	0.0000	0.0000	0.2422	
24	0.5000	0.0000	0.0000	0.2558	
25	0.5000	0.0000	0.0000	0.2693	
26	0.5000	0.0000	0.0000	0.2825	
27	0.5000	0.0000	0.0000	0.2950	
28	0.5000	0.0000	0.0000	0.3068	
29	0.5000	0.0000	0.0000	0.3177	
30	0.5000	0.0000	0.0000	0.3275	
31	0.5000	0.0000	0.0000	0.3363	
32	0.5000	0.0000	0.0000	0.3440	
33	0.5000	0.0000	0.0000	0.3505	
34	0.5000	0.0000	0.0000	0.3558	
35	0.5000	0.0000	0.0000	0.3601	
36	0.5000	0.0000	0.0000	0.3633	
37	0.5000	0.0000	0.0000	0.3655	
38	0.5000	0.0000	0.0000	0.3668	
39	0.5000	0.0000	0.0000	0.3673	
40	0.5000	0.0000	0.0000	0.3671	
41	0.5000	0.0000	0.0000	0.3662	
42	0.5000	0.0000	0.0000	0.3648	
43	0.5000	0.0000	0.0000	0.3630	
44	0.5000	0.0000	0.0000	0.3609	
45	0.5000	0.0000	0.0000	0.3585	
46	0.5000	0.0000	0.0000	0.3560	
47	0.5000	0.0000	0.0000	0.3533	
48	0.5000	0.0000	0.0000	0.3506	
49	0.5000	0.0000	0.0000	0.3479	
50	0.5000	0.0000	0.0000	0.3452	
51	0.5000	0.0000	0.0000	0.3426	
52	0.5000	0.0000	0.0000	0.3401	
53	0.5000	0.0000	0.0000	0.3378	
54	0.5000	0.0000	0.0000	0.3355	
55	0.5000	0.0000	0.0000	0.3335	
56	0.5000	0.0000	0.0000	0.3316	
57	0.5000	0.0000	0.0000	0.3299	
58	0.5000	0.0000	0.0000	0.3284	
59	0.5000	0.0000	0.0000	0.3271	
60	0.5000	0.0000	0.0000	0.3260	
61	0.5000	0.0000	0.0000	0.3251	
62	0.5000	0.0000	0.0000	0.3243	
63	0.5000	0.0000	0.0000	0.3237	
64	0.5000	0.0000	0.0000	0.3234	
65	0.5000	0.0000	0.0000	0.3231	
66	0.5000	0.0000	0.0000	0.3231	
67	0.5000	0.0000	0.0000	0.3232	
68	0.5000	0.0000	0.0000	0.3235	
69	0.5000	0.0000	0.0000	0.3238	
70	0.5000	0.0000	0.0000	0.3244	
71	0.5000	0.0000	0.0000	0.3250	
72	0.5000	0.0000	0.0000	0.3258	
73	0.5000	0.0000	0.0000	0.3266	
74	0.5000	0.0000	0.0000	0.3276	
75	0.5000	0.0000	0.0000	0.3286	
76	0.5000	0.0000	0.0000	0.3297	
77	0.5000	0.0000	0.0000	0.3309	
78	0.5000	0.0000	0.0000	0.3322	
79	0.5000	0.0000	0.0000	0.3335	
80	0.5000	0.0000	0.0000	0.3349	
81	0.5000	0.0000	0.0000	0.3363	
82	0.5000	0.0000	0.0000	0.3377	
83	0.5000	0.0000	0.0000	0.3392	
84	0.5000	0.0000	0.0000	0.3407	
85	0.5000	0.0000	0.0000	0.3422	
86	0.5000	0.0000	0.0000	0.3437	
87	0.5000	0.0000	0.0000	0.3453	
88	0.5000	0.0000	0.0000	0.3468	
89	0.5000	0.0000	0.0000	0.3483	
90	0.5000	0.0000	0.0000	0.3499	
91	0.5000	0.0000	0.0000	0.3514	
92	0.5000	0.0000	0.0000	0.3529	
93	0.5000	0.0000	0.0000	0.3544	
94	0.5000	0.0000	0.0000	0.3559	
95	0.5000	0.0000	0.0000	0.3574	
96	0.5000	0.0000	0.0000	0.3588	
97	0.5000	0.0000	0.0000	0.3603	
98	0.5000	0.0000	0.0000	0.3617	
99	0.5000	0.0000	0.0000	0.3630	
100	0.5000	0.0000	0.0000	0.3644	
101	0.5000	0.0000	0.0000	0.3657	
102	0.5000	0.0000	0.0000	0.3670	
103	0.5000	0.0000	0.0000	0.3683	
104	0.5000	0.0000	0.0000	0.3695	
105	0.5000	0.0000	0.0000	0.3707	
106	0.5000	0.0000	0.0000	0.3719	
107	0.5000	0.0000	0.0000	0.3730	
108	0.5000	0.0000	0.0000	0.3741	
109	0.5000	0.0000	0.0000	0.3752	
110	0.5000	0.0000	0.0000	0.3762	
111	0.5000	0.0000	0.0000	0.3773	
112	0.5000	0.0000	0.0000	0.3782	
113	0.5000	0.0000	0.0000	0.3792	
114	0.5000	0.0000	0.0000	0.3801	
115	0.5000	0.0000	0.0000	0.3810	
116	0.5000	0.0000	0.0000	0.3819	
117	0.5000	0.0000	0.0000	0.3827	
118	0.5000	0.0000	0.0000	0.3835	
119	0.5000	0.0000	0.0000	0.3843	
120	0.5000	0.0000	0.0000	0.3850	
121	0.5000	0.0000	0.0000	0.3857	
122	0.5000	0.0000	0.0000	0.3864	
123	0.5000	0.0000	0.0000	0.3871	
124	0.5000	0.0000	0.0000	0.3877	
125	0.5000	0.0000	0.0000	0.3883	
126	0.5000	0.0000	0.0000	0.3889	
127	0.5000	0.0000	0.0000	0.3895	
128	0.5000	0.0000	0.0000	0.3901	
129	0.5000	0.0000	0.0000	0.3906	
130	0.5000	0.0000	0.0000	0.3911	
131	0.5000	0.0000	0.0000	0.3916	
132	0.5000	0.0000	0.0000	0.3920	
133	0.4818	0.0000	0.0000	0.3925	
134	0.4394	0.0000	0.0000	0.3929	
135	0.4273	0.0000	0.0000	0.3933	
136	0.3667	0.0000	0.0000	0.3937	
137	0.3121	0.0000	0.0000	0.3941	
138	0.2515	0.0000	0.0000	0.3944	
139	0.1848	0.0000	0.0000	0.3948	
140	0.1121	0.0000	0.0000	0.3951	
141	0.0515	0.0000	0.0000	0.3954	
142	0.0000	0.0000	0.0000	0.3957	
143	0.0000	0.0000	0.0000	0.3960	
144	0.0000	0.0000	0.0000	0.3963	
145	0.0000	0.0000	0.0000	0.3966	
146	0.0000	0.0000	0.0000	0.3968	
147	0.0000	0.0000	0.0000	0.3971	
148	0.0000	0.0000	0.0000	0.3973	
149	0.0000	0.0000	0.0000	0.3975	
150	0.0000	0.0000	0.0000	0.3977	
151	0.0000	0.0000	0.0000	0.3979	
152	0.0000	0.0000	0.0000	0.3981	
153	0.0000	0.0000	0.0000	0.3984	
154	0.0000	0.0000	0.0000	0.3986	
155	0.0000	0.0000	0.0000	0.3989	
156	0.0000	0.0000	0.0000	0.3992	
157	0.0000	0.0000	0.0000	0.3996	
158	0.0000	0.0000	0.0000	0.4001	
159	0.0000	0.0000	0.0000	0.4007	
160	0.0000	0.0000	0.0000	0.4014	
161	0.0000	0.0000	0.0000	0.4023	
162	0.0000	0.0000	0.0000	0.4034	
163	0.0000	0.0000	0.0000	0.4047	
164	0.0000	0.0000	0.0000	0.4062	
165	0.0000	0.0000	0.0000	0.4080	
166	0.0000	0.0000	0.0000	0.4100	
167	0.0000	0.0000	0.0000	0.4123	
168	0.0000	0.0000	0.0000	0.4148	
169	0.0000	0.0000	0.0000	0.4176	
170	0.0000	0.0000	0.0000	0.4206	
171	0.0000	0.0000	0.0000	0.4239	
172	0.0000	0.0000	0.0000	0.4275	
173	0.0000	0.0000	0.0000	0.4313	
174	0.0000	0.0000	0.0000	0.4354	
175	0.0000	0.0000	0.0000	0.4396	
176	0.0000	0.0000	0.0000	0.4441	
177	0.0000	0.0000	0.0000	0.4489	
178	0.0000	0.0000	0.0000	0.4538	
179	0.0000	0.0000	0.0000	0.4588	
180	0.0000	0.0000	0.0000	0.4641	
181	0.0000	0.0000	0.0000	0.4695	
182	0.0000	0.0000	0.0000	0.4750	
183	0.0000	0.0000	0.0000	0.4806	
184	0.0000	0.0000	0.0000	0.4864	
185	0.0000	0.0000	0.0000	0.4922	
186	0.0000	0.0000	0.0000	0.4981	
187	0.0000	0.0000	0.0000	0.5041	
188	0.0000	0.0000	0.0000	0.5101	
189	0.0000	0.0000	0.0000	0.5161	
190	0.0000	0.0000	0.0000	0.5222	
191	0.0000	0.0000	0.0000	0.5282	
192	0.0000	0.0000	0.0000	0.5342	
193	0.0000	0.0000	0.0000	0.5402	
194	0.0000	0.0000	0.0000	0.5462	
195	0.0000	0.0000	0.0000	0.5521	
196	0.0000	0.0000	0.0000	0.5580	
197	0.0000	0.0000	0.0000	0.5638	
198	0.0000	0.0000	0.0000	0.5695	
199	0.0000	0.0000	0.0000	0.5751	
200	0.0000	0.0000	0.0000	0.5807	
201	0.0000	0.0000	0.0000	0.5862	
202	1.0000	0.0000	0.0000	0.5915	
203	1.0000	0.0000	0.0000	0.5968	
204	1.0000	0.0000	0.0000	0.6019	
205	1.0000	0.0000	0.0000	0.6070	
206	1.0000	0.0000	0.0000	0.6119	
207	1.0000	0.0000	0.0000	0.6167	
208	1.0000	0.0000	0.0000	0.6213	
209	1.0000	0.0000	0.0000	0.6259	
210	1.0000	0.0000	0.0000	0.6303	
211	1.0000	0.0000	0.0000	0.6346	
212	1.0000	0.0000	0.0000	0.6388	
213	1.0000	0.0000	0.0000	0.6429	
214	1.0000	0.0000	0.0000	0.6468	
215	1.0000	0.0000	0.0000	0.6507	
216	1.0000	0.0000	0.0000	0.6544	
217	1.0000	0.0000	0.0000	0.6579	
218	1.0000	0.0000	0.0000	0.6614	
219	1.0000	0.0000	0.0000	0.6645	
220	1.0000	0.0000	0.0000	0.6674	
221	1.0000	0.0000	0.0000	0.6699	
222	0.0000	0.0000	0.0000	0.6720	
223	0.0000	0.0000	0.0000	0.6734	
224	0.0000	0.0000	0.0000	0.6743	
225	0.0000	0.0000	0.0000	0.6744	
226	0.0000	0.0000	0.0000	0.6738	
227	0.0000	0.0000	0.0000	0.6725	
228	0.0000	0.0000	0.0000	0.6704	
229	0.0000	0.0000	0.0000	0.6675	
230	0.0000	0.0000	0.0000	0.6638	
231	0.0000	0.0000	0.0000	0.6593	
232	0.0000	0.0000	0.0000	0.6542	
233	0.0000	0.0000	0.0000	0.6483	
234	0.0000	0.0000	0.0000	0.6418	
235	0.0000	0.0000	0.0000	0.6347	
236	0.0000	0.0000	0.0000	0.6270	
237	0.0000	0.0000	0.0000	0.6189	
238	0.0000	0.0000	0.0000	0.6103	
239	0.0000	0.0000	0.0000	0.6014	
240	0.0000	0.0000	0.0000	0.5924	
241	0.0000	0.0000	0.0000	0.5832	
242	0.0000	0.0000	0.0000	0.5740	
243	0.0000	0.0000	0.0000	0.5650	
244	0.0000	0.0000	0.0000	0.5561	
245	0.0000	0.0000	0.0000	0.5475	
246	0.0000	0.0000	0.0000	0.5393	
247	0.0000	0.0000	0.0000	0.5314	
248	0.0000	0.0000	0.0000	0.5240	
249	0.0000	0.0000	0.0000	0.5171	
250	0.0000	0.0000	0.0000	0.5107	
251	0.0000	0.0000	0.0000	0.5049	
252	0.0000	0.0000	0.0000	0.4996	
253	0.0000	0.0000	0.0000	0.4950	
254	0.0000	0.0000	0.0000	0.4909	
255	0.0000	0.0000	0.0000	0.4874	
256	0.0000	0.0000	0.0000	0.4845	
257	0.0000	0.0000	0.0000	0.4822	
258	0.0000	0.0000	0.0000	0.4804	
259	0.0000	0.0000	0.0000	0.4792	
260	0.0000	0.0000	0.0000	0.4785	
261	0.0000	0.0000	0.0000	0.4784	
262	0.0000	0.0000	0.0000	0.4787	
263	0.0000	0.0000	0.0000	0.4795	
264	0.0000	0.0000	0.0000	0.4808	
265	0.0000	0.0000	0.0000	0.4825	
266	0.0000	0.0000	0.0000	0.4846	
267	0.0000	0.0000	0.0000	0.4870	
268	0.0000	0.0000	0.0000	0.4899	
269	0.0000	0.0000	0.0000	0.4930	
270	0.0000	0.0000	0.0000	0.4964	
271	0.0000	0.0000	0.0000	0.5001	
272	0.0000	0.0000	0.0000	0.5041	
273	0.0000	0.0000	0.0000	0.5082	
274	0.0000	0.0000	0.0000	0.5126	
275	0.0000	0.0000	0.0000	0.5171	
276	0.0000	0.0000	0.0000	0.5218	
277	0.0000	0.0000	0.0000	0.5267	
278	0.0000	0.0000	0.0000	0.5316	
279	0.0000	0.0000	0.0000	0.5366	
280	0.0000	0.0000	0.0000	0.5417	
281	0.0000	0.0000	0.0000	0.5468	
282	0.0000	0.0000	0.0000	0.5520	
283	0.0000	0.0000	0.0000	0.5572	
284	0.0000	0.0000	0.0000	0.5624	
285	0.0000	0.0000	0.0000	0.5676	
286	0.0000	0.0000	0.0000	0.5728	
287	0.0000	0.0000	0.0000	0.5780	
288	0.0000	0.0000	0.0000	0.5831	
289	0.0000	0.0000	0.0000	0.5881	
290	0.0000	0.0000	0.0000	0.5931	
291	0.0000	0.0000	0.0000	0.5981	
292	0.0000	0.0000	0.0000	0.6029	
293	0.0000	0.0000	0.0000	0.6077	
294	0.0000	0.0000	0.0000	0.6124	
295	0.0000	0.0000	0.0000	0.6169	
296	0.0000	0.0000	0.0000	0.6214	
297	0.0000	0.0000	0.0000	0.6258	
298	0.0000	0.0000	0.0000	0.6301	
299	0.0000	0.0000	0.0000	0.6343	
300	0.0000	0.0000	0.0000	0.6384	
301	0.0000	0.0000	0.0000	0.6423	
302	0.0000	0.0000	0.0000	0.6462	
303	0.0000	0.0000	0.0000	0.6500	
304	0.0000	0.0000	0.0000	0.6536	
305	0.0000	0.0000	0.0000	0.6571	
306	0.0000	0.0000	0.0000	0.6605	
307	0.0000	0.0000	0.0000	0.6639	
308	0.0000	0.0000	0.0000	0.6671	
309	0.0000	0.0000	0.0000	0.6702	
310	0.0000	0.0000	0.0000	0.6731	
311	0.0000	0.0000	0.0000	0.6760	
312	0.0000	0.0000	0.0000	0.6788	
313	0.0000	0.0000	0.0000	0.6815	
314	0.0000	0.0000	0.0000	0.6841	
315	0.0000	0.0000	0.0000	0.6866	
316	0.0000	0.0000	0.0000	0.6890	
317	0.0000	0.0000	0.0000	0.6913	
318	0.0000	0.0000	0.0000	0.6935	
319	0.0000	0.0000	0.0000	0.6957	
320	0.0000	0.0000	0.0000	0.6977	
321	0.0000	0.0000	0.0000	0.6997	
322	0.0000	0.0000	0.0000	0.7016	
323	0.0000	0.0000	0.0000	0.7034	
324	0.0000	0.0000	0.0000	0.7052	
325	0.0000	0.0000	0.0000	0.7068	
326	0.0000	0.0000	0.0000	0.7084	
327	0.0000	0.0000	0.0000	0.7100	
328	0.0000	0.0000	0.0000	0.7114	
329	0.0000	0.0000	0.0000	0.7129	
330	0.0000	0.0000	0.0000	0.7142	
331	0.0000	0.0000	0.0000	0.7155	
332	0.0000	0.0000	0.0000	0.7167	
333	0.0000	0.0000	0.0000	0.7179	
334	0.0000	0.0000	0.0000	0.7190	
335	0.0000	0.0000	0.0000	0.7201	
336	0.0000	0.0000	0.0000	0.7212	
337	0.0000	0.0000	0.0000	0.7221	
338	0.0000	0.0000	0.0000	0.7231	
339	0.0000	0.0000	0.0000	0.7240	
340	0.0000	0.0000	0.0000	0.7249	
341	0.0000	0.0000	0.0000	0.7257	
342	0.0000	0.0000	0.0000	0.7265	
343	0.0000	0.0000	0.0000	0.7272	
344	0.0000	0.0000	0.0000	0.7279	
345	0.0000	0.0000	0.0000	0.7286	
346	0.0000	0.0000	0.0000	0.7293	
347	0.0000	0.0000	0.0000	0.7299	
348	0.0000	0.0000	0.0000	0.7305	
349	0.0000	0.0000	0.0000	0.7310	
350	0.0000	0.0000	0.0000	0.7316	
351	0.0000	0.0000	0.0000	0.7321	
352	0.0000	0.0000	0.0000	0.7326	
353	0.0000	0.0000	0.0000	0.7330	
354	0.0000	0.0000	0.0000	0.7335	
355	0.0000	0.0000	0.0000	0.7339	
356	0.0000	0.0000	0.0000	0.7343	
357	0.0000	0.0000	0.0000	0.7347	
358	0.0000	0.0000	0.0000	0.7351	
359	0.0000	0.0000	0.0000	0.7354	
360	0.0000	0.0000	0.0000	0.7357	
361	0.0000	0.0000	0.0000	0.7361	
362	0.0000	0.0000	0.0000	0.7364	
363	0.0000	0.0000	0.0000	0.7366	
364	0.0000	0.0000	0.0000	0.7369	
365	0.0000	0.0000	0.0000	0.7372	
366	0.0000	0.0000	0.0000	0.7374	
367	0.0000	0.0000	0.0000	0.7377	
368	0.0000	0.0000	0.0000	0.7379	
369	0.0000	0.0000	0.0000	0.7381	
370	0.0000	0.0000	0.0000	0.7383	
371	0.0000	0.0000	0.0000	0.7385	
372	0.0000	0.0000	0.0000	0.7387	
373	0.0000	0.0000	0.0000	0.7388	
374	0.0000	0.0000	0.0000	0.7390	
375	0.0000	0.0000	0.0000	0.7392	
376	0.0000	0.0000	0.0000	0.7393	
377	0.0000	0.0000	0.0000	0.7395	
378	0.0000	0.0000	0.0000	0.7396	
379	0.0000	0.0000	0.0000	0.7397	
380	0.0000	0.0000	0.0000	0.7399	
381	0.0000	0.0000	0.0000	0.7400	
382	0.0000	0.0000	0.0000	0.7401	
383	0.0000	0.0000	0.0000	0.7402	
384	0.0000	0.0000	0.0000	0.7403	
385	0.0000	0.0000	0.0000	0.7404	
386	0.0000	0.0000	0.0000	0.7405	
387	0.0000	0.0000	0.0000	0.7406	
388	0.0000	0.0000	0.0000	0.7406	
389	0.0000	0.0000	0.0000	0.7407	
390	0.0000	0.0000	0.0000	0.7408	
391	0.0000	0.0000	0.0000	0.7409	
392	0.0000	0.0000	0.0000	0.7409	
393	0.0000	0.0000	0.0000	0.7410	
394	0.0000	0.0000	0.0000	0.7411	
395	0.0000	0.0000	0.0000	0.7411	
396	0.0000	0.0000	0.0000	0.7412	
397	0.0000	0.0000	0.0000	0.7412	
398	0.0000	0.0000	0.0000	0.7413	
399	0.0000	0.0000	0.0000	0.7413	
400	0.0000	0.0000	0.0000	0.7414	
401	0.0000	0.0000	0.0000	0.7414	
402	1.0000	0.0000	0.0000	0.7414	
403	1.0000	0.0000	0.0000	0.7415	
404	1.0000	0.0000	0.0000	0.7415	
405	1.0000	0.0000	0.0000	0.7416	
406	1.0000	0.0000	0.0000	0.7416	
407	1.0000	0.0000	0.0000	0.7416	
408	1.0000	0.0000	0.0000	0.7416	
409	1.0000	0.0000	0.0000	0.7417	
410	1.0000	0.0000	0.0000	0.7417	
411	1.0000	0.0000	0.0000	0.7417	
412	1.0000	0.0000	0.0000	0.7418	
413	1.0000	0.0000	0.0000	0.7418	
414	1.0000	0.0000	0.0000	0.7418	
415	1.0000	0.0000	0.0000	0.7418	
416	1.0000	0.0000	0.0000	0.7418	
417	1.0000	0.0000	0.0000	0.7419	
418	1.0000	0.0000	0.0000	0.7418	
419	1.0000	0.0000	0.0000	0.7417	
420	1.0000	0.0000	0.0000	0.7414	
421	1.0000	0.0000	0.0000	0.7408	
422	0.0000	0.0000	0.0000	0.7398	
423	0.0000	0.0000	0.0000	0.7384	
424	0.0000	0.0000	0.0000	0.7364	
425	0.0000	0.0000	0.0000	0.7338	
426	0.0000	0.0000	0.0000	0.7307	
427	0.0000	0.0000	0.0000	0.7268	
428	0.0000	0.0000	0.0000	0.7222	
429	0.0000	0.0000	0.0000	0.7170	
430	0.0000	0.0000	0.0000	0.7110	
431	0.0000	0.0000	0.0000	0.7044	
432	0.0000	0.0000	0.0000	0.6971	
433	0.0000	0.0000	0.0000	0.6892	
434	0.0000	0.0000	0.0000	0.6807	
435	0.0000	0.0000	0.0000	0.6716	
436	0.0000	0.0000	0.0000	0.6621	
437	0.0000	0.0000	0.0000	0.6522	
438	0.0000	0.0000	0.0000	0.6419	
439	0.0000	0.0000	0.0000	0.6314	
440	0.0000	0.0000	0.0000	0.6208	
441	0.0000	0.0000	0.0000	0.6101	
442	0.0000	0.0000	0.0000	0.5995	
443	0.0000	0.0000	0.0000	0.5890	
444	0.0000	0.0000	0.0000	0.5788	
445	0.0000	0.0000	0.0000	0.5690	
446	0.0000	0.0000	0.0000	0.5595	
447	0.0000	0.0000	0.0000	0.5505	
448	0.0000	0.0000	0.0000	0.5421	
449	0.0000	0.0000	0.0000	0.5342	
450	0.0000	0.0000	0.0000	0.5268	
451	0.0000	0.0000	0.0000	0.5201	
452	0.0000	0.0000	0.0000	0.5140	
453	0.0000	0.0000	0.0000	0.5085	
454	0.0000	0.0000	0.0000	0.5037	
455	0.0000	0.0000	0.0000	0.4995	
456	0.0000	0.0000	0.0000	0.4959	
457	0.0000	0.0000	0.0000	0.4930	
458	0.0000	0.0000	0.0000	0.4906	
459	0.0000	0.0000	0.0000	0.4889	
460	0.0000	0.0000	0.0000	0.4877	
461	0.0000	0.0000	0.0000	0.4871	
462	0.0000	0.0000	0.0000	0.4870	
463	0.0000	0.0000	0.0000	0.4873	
464	0.0000	0.0000	0.0000	0.4882	
465	0.0000	0.0000	0.0000	0.4895	
466	0.0000	0.0000	0.0000	0.4913	
467	0.0000	0.0000	0.0000	0.4934	
468	0.0000	0.0000	0.0000	0.4959	
469	0.0000	0.0000	0.0000	0.4987	
470	0.0000	0.0000	0.0000	0.5019	
471	0.0000	0.0000	0.0000	0.5053	
472	0.0000	0.0000	0.0000	0.5090	
473	0.0000	0.0000	0.0000	0.5129	
474	0.0000	0.0000	0.0000	0.5171	
475	0.0000	0.0000	0.0000	0.5214	
476	0.0000	0.0000	0.0000	0.5259	
477	0.0000	0.0000	0.0000	0.5305	
478	0.0000	0.0000	0.0000	0.5353	
479	0.0000	0.0000	0.0000	0.5401	
480	0.0000	0.0000	0.0000	0.5451	
481	0.0000	0.0000	0.0000	0.5501	
482	0.0000	0.0000	0.0000	0.5551	
483	0.0000	0.0000	0.0000	0.5602	
484	0.0000	0.0000	0.0000	0.5652	
485	0.0000	0.0000	0.0000	0.5703	
486	0.0000	0.0000	0.0000	0.5754	
487	0.0000	0.0000	0.0000	0.5804	
488	0.0000	0.0000	0.0000	0.5854	
489	0.0000	0.0000	0.0000	0.5903	
490	0.0000	0.0000	0.0000	0.5952	
491	0.0000	0.0000	0.0000	0.6001	
492	0.0000	0.0000	0.0000	0.6048	
493	0.0000	0.0000	0.0000	0.6095	
494	0.0000	0.0000	0.0000	0.6141	
495	0.0000	0.0000	0.0000	0.6186	
496	0.0000	0.0000	0.0000	0.6230	
497	0.0000	0.0000	0.0000	0.6274	
498	0.0000	0.0000	0.0000	0.6316	
499	0.0000	0.0000	0.0000	0.6357	
500	0.0000	0.0000	0.0000	0.6397	
501	0.0000	0.0000	0.0000	0.6436	
502	0.0000	0.0000	0.0000	0.6474	
503	0.0000	0.0000	0.0000	0.6511	
504	0.0000	0.0000	0.0000	0.6547	
505	0.0000	0.0000	0.0000	0.6582	
506	0.0000	0.0000	0.0000	0.6615	
507	0.0000	0.0000	0.0000	0.6648	
508	0.0000	0.0000	0.0000	0.6680	
509	0.0000	0.0000	0.0000	0.6710	
510	0.0000	0.0000	0.0000	0.6740	
511	0.0000	0.0000	0.0000	0.6768	
512	0.0000	0.0000	0.0000	0.6796	
513	0.0000	0.0000	0.0000	0.6822	
514	0.0000	0.0000	0.0000	0.6848	
515	0.0000	0.0000	0.0000	0.6872	
516	0.0000	0.0000	0.0000	0.6896	
517	0.0000	0.0000	0.0000	0.6919	
518	0.0000	0.0000	0.0000	0.6941	
519	0.0000	0.0000	0.0000	0.6962	
520	0.0000	0.0000	0.0000	0.6982	
521	0.0000	0.0000	0.0000	0.7002	
522	0.0000	0.0000	0.0000	0.7021	
523	0.0000	0.0000	0.0000	0.7039	
524	0.0000	0.0000	0.0000	0.7056	
525	0.0000	0.0000	0.0000	0.7072	
526	0.0000	0.0000	0.0000	0.7088	
527	0.0000	0.0000	0.0000	0.7103	
528	0.0000	0.0000	0.0000	0.7118	
529	0.0000	0.0000	0.0000	0.7132	
530	0.0000	0.0000	0.0000	0.7145	
531	0.0000	0.0000	0.0000	0.7158	
532	0.0000	0.0000	0.0000	0.7170	
533	0.0000	0.0000	0.0000	0.7182	
534	0.0000	0.0000	0.0000	0.7193	
535	0.0000	0.0000	0.0000	0.7204	
536	0.0000	0.0000	0.0000	0.7214	
537	0.0000	0.0000	0.0000	0.7224	
538	0.0000	0.0000	0.0000	0.7233	
539	0.0000	0.0000	0.0000	0.7242	
540	0.0000	0.0000	0.0000	0.7250	
541	0.0000	0.0000	0.0000	0.7259	
542	0.0000	0.0000	0.0000	0.7266	
543	0.0000	0.0000	0.0000	0.7274	
544	0.0000	0.0000	0.0000	0.7281	
545	0.0000	0.0000	0.0000	0.7288	
546	0.0000	0.0000	0.0000	0.7294	
547	0.0000	0.0000	0.0000	0.7300	
548	0.0000	0.0000	0.0000	0.7306	
549	0.0000	0.0000	0.0000	0.7312	
550	0.0000	0.0000	0.0000	0.7317	
551	0.0000	0.0000	0.0000	0.7322	
552	0.0000	0.0000	0.0000	0.7327	
553	0.0000	0.0000	0.0000	0.7331	
554	0.0000	0.0000	0.0000	0.7336	
555	0.0000	0.0000	0.0000	0.7340	
556	0.0000	0.0000	0.0000	0.7344	
557	0.0000	0.0000	0.0000	0.7348	
558	0.0000	0.0000	0.0000	0.7351	
559	0.0000	0.0000	0.0000	0.7355	
560	0.0000	0.0000	0.0000	0.7358	
561	0.0000	0.0000	0.0000	0.7361	
562	0.0000	0.0000	0.0000	0.7364	
563	0.0000	0.0000	0.0000	0.7367	
564	0.0000	0.0000	0.0000	0.7370	
565	0.0000	0.0000	0.0000	0.7372	
566	0.0000	0.0000	0.0000	0.7375	
567	0.0000	0.0000	0.0000	0.7377	
568	0.0000	0.0000	0.0000	0.7379	
569	0.0000	0.0000	0.0000	0.7381	
570	0.0000	0.0000	0.0000	0.7383	
571	0.0000	0.0000	0.0000	0.7385	
572	0.0000	0.0000	0.0000	0.7387	
573	0.0000	0.0000	0.0000	0.7389	
574	0.0000	0.0000	0.0000	0.7390	
575	0.0000	0.0000	0.0000	0.7392	
576	0.0000	0.0000	0.0000	0.7394	
577	0.0000	0.0000	0.0000	0.7395	
578	0.0000	0.0000	0.0000	0.7396	
579	0.0000	0.0000	0.0000	0.7398	
580	0.0000	0.0000	0.0000	0.7399	
581	0.0000	0.0000	0.0000	0.7400	
582	0.0000	0.0000	0.0000	0.7401	
583	0.0000	0.0000	0.0000	0.7402	
584	0.0000	0.0000	0.0000	0.7403	
585	0.0000	0.0000	0.0000	0.7404	
586	0.0000	0.0000	0.0000	0.7405	
587	0.0000	0.0000	0.0000	0.7406	
588	0.0000	0.0000	0.0000	0.7407	
589	0.0000	0.0000	0.0000	0.7407	
590	0.0000	0.0000	0.0000	0.7408	
591	0.0000	0.0000	0.0000	0.7409	
592	0.0000	0.0000	0.0000	0.7409	
593	0.0000	0.0000	0.0000	0.7410	
594	0.0000	0.0000	0.0000	0.7411	
595	0.0000	0.0000	0.0000	0.7411	
596	0.0000	0.0000	0.0000	0.7412	
597	0.0000	0.0000	0.0000	0.7412	
598	0.0000	0.0000	0.0000	0.7413	
599	0.0000	0.0000	0.0000	0.7413	
600	0.0000	0.0000	0.0000	0.7414	
601	0.0000	0.0000	0.0000	0.7414	
602	1.0000	0.0000	0.0000	0.7415	
603	1.0000	0.0000	0.0000	0.7415	
604	1.0000	0.0000	0.0000	0.7415	
605	1.0000	0.0000	0.0000	0.7416	
606	1.0000	0.0000	0.0000	0.7416	
607	1.0000	0.0000	0.0000	0.7416	
608	1.0000	0.0000	0.0000	0.7417	
609	1.0000	0.0000	0.0000	0.7417	
610	1.0000	0.0000	0.0000	0.7417	
611	1.0000	0.0000	0.0000	0.7417	
612	1.0000	0.0000	0.0000	0.7418	
613	1.0000	0.0000	0.0000	0.7418	
614	1.0000	0.0000	0.0000	0.7418	
615	1.0000	0.0000	0.0000	0.7418	
616	1.0000	0.0000	0.0000	0.7418	
617	1.0000	0.0000	0.0000	0.7419	
618	1.0000	0.0000	0.0000	0.7418	
619	1.0000	0.0000	0.0000	0.7417	
620	1.0000	0.0000	0.0000	0.7414	
621	1.0000	0.0000	0.0000	0.7408	
622	0.0000	0.0000	0.0000	0.7398	
623	0.0000	0.0000	0.0000	0.7384	
624	0.0000	0.0000	0.0000	0.7364	
625	0.0000	0.0000	0.0000	0.7338	
626	0.0000	0.0000	0.0000	0.7307	
627	0.0000	0.0000	0.0000	0.7268	
628	0.0000	0.0000	0.0000	0.7222	
629	0.0000	0.0000	0.0000	0.7170	
630	0.0000	0.0000	0.0000	0.7110	
631	0.0000	0.0000	0.0000	0.7044	
632	0.0000	0.0000	0.0000	0.6971	
633	0.0000	0.0000	0.0000	0.6892	
634	0.0000	0.0000	0.0000	0.6807	
635	0.0000	0.0000	0.0000	0.6716	
636	0.0000	0.0000	0.0000	0.6621	
637	0.0000	0.0000	0.0000	0.6522	
638	0.0000	0.0000	0.0000	0.6419	
639	0.0000	0.0000	0.0000	0.6314	
640	0.0000	0.0000	0.0000	0.6208	
641	0.0000	0.0000	0.0000	0.6101	
642	0.0000	0.0000	0.0000	0.5995	
643	0.0000	0.0000	0.0000	0.5890	
644	0.0000	0.0000	0.0000	0.5788	
645	0.0000	0.0000	0.0000	0.5690	
646	0.0000	0.0000	0.0000	0.5595	
647	0.0000	0.0000	0.0000	0.5505	
648	0.0000	0.0000	0.0000	0.5421	
649	0.0000	0.0000	0.0000	0.5342	
650	0.0000	0.0000	0.0000	0.5268	
651	0.0000	0.0000	0.0000	0.5201	
652	0.0000	0.0000	0.0000	0.5140	
653	0.0000	0.0000	0.0000	0.5085	
654	0.0000	0.0000	0.0000	0.5037	
655	0.0000	0.0000	0.0000	0.4995	
656	0.0000	0.0000	0.0000	0.4959	
657	0.0000	0.0000	0.0000	0.4930	
658	0.0000	0.0000	0.0000	0.4906	
659	0.0000	0.0000	0.0000	0.4889	
660	0.0000	0.0000	0.0000	0.4877	
661	0.0000	0.0000	0.0000	0.4871	
662	0.0000	0.0000	0.0000	0.4870	
663	0.0000	0.0000	0.0000	0.4873	
664	0.0000	0.0000	0.0000	0.4882	
665	0.0000	0.0000	0.0000	0.4895	
666	0.0000	0.0000	0.0000	0.4913	
667	0.0000	0.0000	0.0000	0.4934	
668	0.0000	0.0000	0.0000	0.4959	
669	0.0000	0.0000	0.0000	0.4987	
670	0.0000	0.0000	0.0000	0.5019	
671	0.0000	0.0000	0.0000	0.5053	
672	0.0000	0.0000	0.0000	0.5090	
673	0.0000	0.0000	0.0000	0.5129	
674	0.0000	0.0000	0.0000	0.5171	
675	0.0000	0.0000	0.0000	0.5214	
676	0.0000	0.0000	0.0000	0.5259	
677	0.0000	0.0000	0.0000	0.5305	
678	0.0000	0.0000	0.0000	0.5353	
679	0.0000	0.0000	0.0000	0.5401	
680	0.0000	0.0000	0.0000	0.5451	
681	0.0000	0.0000	0.0000	0.5501	
682	0.0000	0.0000	0.0000	0.5551	
683	0.0000	0.0000	0.0000	0.5602	
684	0.0000	0.0000	0.0000	0.5652	
685	0.0000	0.0000	0.0000	0.5703	
686	0.0000	0.0000	0.0000	0.5754	
687	0.0000	0.0000	0.0000	0.5804	
688	0.0000	0.0000	0.0000	0.5854	
689	0.0000	0.0000	0.0000	0.5903	
690	0.0000	0.0000	0.0000	0.5952	
691	0.0000	0.0000	0.0000	0.6001	
692	0.0000	0.0000	0.0000	0.6048	
693	0.0000	0.0000	0.0000	0.6095	
694	0.0000	0.0000	0.0000	0.6141	
695	0.0000	0.0000	0.0000	0.6186	
696	0.0000	0.0000	0.0000	0.6230	
697	0.0000	0.0000	0.0000	0.6274	
698	0.0000	0.0000	0.0000	0.6316	
699	0.0000	0.0000	0.0000	0.6357	
700	0.0000	0.0000	0.0000	0.6397	
701	0.0000	0.0000	0.0000	0.6436	
702	0.0000	0.0000	0.0000	0.6474	
703	0.0000	0.0000	0.0000	0.6511	
704	0.0000	0.0000	0.0000	0.6547	
705	0.0000	0.0000	0.0000	0.6582	
706	0.0000	0.0000	0.0000	0.6615	
707	0.0000	0.0000	0.0000	0.6648	
708	0.0000	0.0000	0.0000	0.6680	
709	0.0000	0.0000	0.0000	0.6710	
710	0.0000	0.0000	0.0000	0.6740	
711	0.0000	0.0000	0.0000	0.6768	
712	0.0000	0.0000	0.0000	0.6796	
713	0.0000	0.0000	0.0000	0.6822	
714	0.0000	0.0000	0.0000	0.6848	
715	0.0000	0.0000	0.0000	0.6872	
716	0.0000	0.0000	0.0000	0.6896	
717	0.0000	0.0000	0.0000	0.6919	
718	0.0000	0.0000	0.0000	0.6941	
719	0.0000	0.0000	0.0000	0.6962	
720	0.0000	0.0000	0.0000	0.6982	
721	0.0000	0.0000	0.0000	0.7002	
722	0.0000	0.0000	0.0000	0.7021	
723	0.0000	0.0000	0.0000	0.7039	
724	0.0000	0.0000	0.0000	0.7056	
725	0.0000	0.0000	0.0000	0.7072	
726	0.0000	0.0000	0.0000	0.7088	
727	0.0000	0.0000	0.0000	0.7103	
728	0.0000	0.0000	0.0000	0.7118	
729	0.0000	0.0000	0.0000	0.7132	
730	0.0000	0.0000	0.0000	0.7145	
731	0.0000	0.0000	0.0000	0.7158	
732	0.0000	0.0000	0.0000	0.7170	
733	0.0000	0.0000	0.0000	0.7182	
734	0.0000	0.0000	0.0000	0.7193	
735	0.0000	0.0000	0.0000	0.7204	
736	0.0000	0.0000	0.0000	0.7214	
737	0.0000	0.0000	0.0000	0.7224	
738	0.0000	0.0000	0.0000	0.7233	
739	0.0000	0.0000	0.0000	0.7242	
740	0.0000	0.0000	0.0000	0.7250	
741	0.0000	0.0000	0.0000	0.7259	
742	0.0000	0.0000	0.0000	0.7266	
743	0.0000	0.0000	0.0000	0.7274	
744	0.0000	0.0000	0.0000	0.7281	
745	0.0000	0.0000	0.0000	0.7288	
746	0.0000	0.0000	0.0000	0.7294	
747	0.0000	0.0000	0.0000	0.7300	
748	0.0000	0.0000	0.0000	0.7306	
749	0.0000	0.0000	0.0000	0.7312	
750	0.0000	0.0000	0.0000	0.7317	
751	0.0000	0.0000	0.0000	0.7322	
752	0.0000	0.0000	0.0000	0.7327	
753	0.0000	0.0000	0.0000	0.7331	
754	0.0000	0.0000	0.0000	0.7336	
755	0.0000	0.0000	0.0000	0.7340	
756	0.0000	0.0000	0.0000	0.7344	
757	0.0000	0.0000	0.0000	0.7348	
758	0.0000	0.0000	0.0000	0.7351	
759	0.0000	0.0000	0.0000	0.7355	
760	0.0000	0.0000	0.0000	0.7358	
761	0.0000	0.0000	0.0000	0.7361	
762	0.0000	0.0000	0.0000	0.7364	
763	0.0000	0.0000	0.0000	0.7367	
764	0.0000	0.0000	0.0000	0.7370	
765	0.0000	0.0000	0.0000	0.7372	
766	0.0000	0.0000	0.0000	0.7375	
767	0.0000	0.0000	0.0000	0.7377	
768	0.0000	0.0000	0.0000	0.7379	
769	0.0000	0.0000	0.0000	0.7381	
770	0.0000	0.0000	0.0000	0.7383	
771	0.0000	0.0000	0.0000	0.7385	
772	0.0000	0.0000	0.0000	0.7387	
773	0.0000	0.0000	0.0000	0.7389	
774	0.0000	0.0000	0.0000	0.7390	
775	0.0000	0.0000	0.0000	0.7392	
776	0.0000	0.0000	0.0000	0.7394	
777	0.0000	0.0000	0.0000	0.7395	
778	0.0000	0.0000	0.0000	0.7396	
779	0.0000	0.0000	0.0000	0.7398	
780	0.0000	0.0000	0.0000	0.7399	
781	0.0000	0.0000	0.0000	0.7400	
782	0.0000	0.0000	0.0000	0.7401	
783	0.0000	0.0000	0.0000	0.7402	
784	0.0000	0.0000	0.0000	0.7403	
785	0.0000	0.0000	0.0000	0.7404	
786	0.0000	0.0000	0.0000	0.7405	
787	0.0000	0.0000	0.0000	0.7406	
788	0.0000	0.0000	0.0000	0.7407	
789	0.0000	0.0000	0.0000	0.7407	
790	0.0000	0.0000	0.0000	0.7408	
791	0.0000	0.0000	0.0000	0.7409	
792	0.0000	0.0000	0.0000	0.7409	
793	0.0000	0.0000	0.0000	0.7410	
794	0.0000	0.0000	0.0000	0.7411	
795	0.0000	0.0000	0.0000	0.7411	
796	0.0000	0.0000	0.0000	0.7412	
797	0.0000	0.0000	0.0000	0.7412	
798	0.0000	0.0000	0.0000	0.7413	
799	0.0000	0.0000	0.0000	0.7413	
800	0.0000	0.0000	0.0000	0.7414	
801	0.0000	0.0000	0.0000	0.7414	
802	1.0000	0.0000	0.0000	0.7415	
803	1.0000	0.0000	0.0000	0.7415	
804	1.0000	0.0000	0.0000	0.7415	
805	1.0000	0.0000	0.0000	0.7416	
806	1.0000	0.0000	0.0000	0.7416	
807	1.0000	0.0000	0.0000	0.7416	
808	1.0000	0.0000	0.0000	0.7417	
809	1.0000	0.0000	0.0000	0.7417	
810	1.0000	0.0000	0.0000	0.7417	
811	1.0000	0.0000	0.0000	0.7417	
812	1.0000	0.0000	0.0000	0.7418	
813	1.0000	0.0000	0.0000	0.7418	
814	1.0000	0.0000	0.0000	0.7418	
815	1.0000	0.0000	0.0000	0.7418	
816	1.0000	0.0000	0.0000	0.7418	
817	1.0000	0.0000	0.0000	0.7419	
818	1.0000	0.0000	0.0000	0.7418	
819	1.0000	0.0000	0.0000	0.7417	
820	1.0000	0.0000	0.0000	0.7414	
821	1.0000	0.0000	0.0000	0.7408	
822	0.0000	0.0000	0.0000	0.7398	
823	0.0000	0.0000	0.0000	0.7384	
824	0.0000	0.0000	0.0000	0.7364	
825	0.0000	0.0000	0.0000	0.7338	
826	0.0000	0.0000	0.0000	0.7307	
827	0.0000	0.0000	0.0000	0.7268	
828	0.0000	0.0000	0.0000	0.7222	
829	0.0000	0.0000	0.0000	0.7170	
830	0.0000	0.0000	0.0000	0.7110	
831	0.0000	0.0000	0.0000	0.7044	
832	0.0000	0.0000	0.0000	0.6971	
833	0.0000	0.0000	0.0000	0.6892	
834	0.0000	0.0000	0.0000	0.6807	
835	0.0000	0.0000	0.0000	0.6716	
836	0.0000	0.0000	0.0000	0.6621	
837	0.0000	0.0000	0.0000	0.6522	
838	0.0000	0.0000	0.0000	0.6419	
839	0.0000	0.0000	0.0000	0.6314	
840	0.0000	0.0000	0.0000	0.6208	
841	0.0000	0.0000	0.0000	0.6101	
842	0.0000	0.0000	0.0000	0.5995	
843	0.0000	0.0000	0.0000	0.5890	
844	0.0000	0.0000	0.0000	0.5788	
845	0.0000	0.0000	0.0000	0.5690	
846	0.0000	0.0000	0.0000	0.5595	
847	0.0000	0.0000	0.0000	0.5505	
848	0.0000	0.0000	0.0000	0.5421	
849	0.0000	0.0000	0.0000	0.5342	
850	0.0000	0.0000	0.0000	0.5268	
851	0.0000	0.0000	0.0000	0.5201	
852	0.0000	0.0000	0.0000	0.5140	
853	0.0000	0.0000	0.0000	0.5085	
854	0.0000	0.0000	0.0000	0.5037	
855	0.0000	0.0000	0.0000	0.4995	
856	0.0000	0.0000	0.0000	0.4959	
857	0.0000	0.0000	0.0000	0.4930	
858	0.0000	0.0000	0.0000	0.4906	
859	0.0000	0.0000	0.0000	0.4889	
860	0.0000	0.0000	0.0000	0.4877	
861	0.0000	0.0000	0.0000	0.4871	
862	0.0000	0.0000	0.0000	0.4870	
863	0.0000	0.0000	0.0000	0.4873	
864	0.0000	0.0000	0.0000	0.4882	
865	0.0000	0.0000	0.0000	0.4895	
866	0.0000	0.0000	0.0000	0.4913	
867	0.0000	0.0000	0.0000	0.4934	
868	0.0000	0.0000	0.0000	0.4959	
869	0.0000	0.0000	0.0000	0.4987	
870	0.0000	0.0000	0.0000	0.5019	
871	0.0000	0.0000	0.0000	0.5053	
872	0.0000	0.0000	0.0000	0.5090	
873	0.0000	0.0000	0.0000	0.5129	
874	0.0000	0.0000	0.0000	0.5171	
875	0.0000	0.0000	0.0000	0.5214	
876	0.0000	0.0000	0.0000	0.5259	
877	0.0000	0.0000	0.0000	0.5305	
878	0.0000	0.0000	0.0000	0.5353	
879	0.0000	0.0000	0.0000	0.5401	
880	0.0000	0.0000	0.0000	0.5451	
881	0.0000	0.0000	0.0000	0.5501	
882	0.0000	0.0000	0.0000	0.5551	
883	0.0000	0.0000	0.0000	0.5602	
884	0.0000	0.0000	0.0000	0.5652	
885	0.0000	0.0000	0.0000	0.5703	
886	0.0000	0.0000	0.0000	0.5754	
887	0.0000	0.0000	0.0000	0.5804	
888	0.0000	0.0000	0.0000	0.5854	
889	0.0000	0.0000	0.0000	0.5903	
890	0.0000	0.0000	0.0000	0.5952	
891	0.0000	0.0000	0.0000	0.6001	
892	0.0000	0.0000	0.0000	0.6048	
893	0.0000	0.0000	0.0000	0.6095	
894	0.0000	0.0000	0.0000	0.6141	
895	0.0000	0.0000	0.0000	0.6186	
896	0.0000	0.0000	0.0000	0.6230	
897	0.0000	0.0000	0.0000	0.6274	
898	0.0000	0.0000	0.0000	0.6316	
899	0.0000	0.0000	0.0000	0.6357	
900	0.0000	0.0000	0.0000	0.6397	
901	0.0000	0.0000	0.0000	0.6436	
902	0.0000	0.0000	0.0000	0.6474	
903	0.0000	0.0000	0.0000	0.6511	
904	0.0000	0.0000	0.0000	0.6547	
905	0.0000	0.0000	0.0000	0.6582	
906	0.0000	0.0000	0.0000	0.6615	
907	0.0000	0.0000	0.0000	0.6648	
908	0.0000	0.0000	0.0000	0.6680	
909	0.0000	0.0000	0.0000	0.6710	
910	0.0000	0.0000	0.0000	0.6740	
911	0.0000	0.0000	0.0000	0.6768	
912	0.0000	0.0000	0.0000	0.6796	
913	0.0000	0.0000	0.0000	0.6822	
914	0.0000	0.0000	0.0000	0.6848	
915	0.0000	0.0000	0.0000	0.6872	
916	0.0000	0.0000	0.0000	0.6896	
917	0.0000	0.0000	0.0000	0.6919	
918	0.0000	0.0000	0.0000	0.6941	
919	0.0000	0.0000	0.0000	0.6962	
920	0.0000	0.0000	0.0000	0.6982	
921	0.0000	0.0000	0.0000	0.7002	
922	0.0000	0.0000	0.0000	0.7021	
923	0.0000	0.0000	0.0000	0.7039	
924	0.0000	0.0000	0.0000	0.7056	
925	0.0000	0.0000	0.0000	0.7072	
926	0.0000	0.0000	0.0000	0.7088	
927	0.0000	0.0000	0.0000	0.7103	
928	0.0000	0.0000	0.0000	0.7118	
929	0.0000	0.0000	0.0000	0.7132	
930	0.0000	0.0000	0.0000	0.7145	
931	0.0000	0.0000	0.0000	0.7158	
932	0.0000	0.0000	0.0000	0.7170	
933	0.0000	0.0000	0.0000	0.7182	
934	0.0000	0.0000	0.0000	0.7193	
935	0.0000	0.0000	0.0000	0.7204	
936	0.0000	0.0000	0.0000	0.7214	
937	0.0000	0.0000	0.0000	0.7224	
938	0.0000	0.0000	0.0000	0.7233	
939	0.0000	0.0000	0.0000	0.7242	
940	0.0000	0.0000	0.0000	0.7250	
941	0.0000	0.0000	0.0000	0.7259	
942	0.0000	0.0000	0.0000	0.7266	
943	0.0000	0.0000	0.0000	0.7274	
944	0.0000	0.0000	0.0000	0.7281	
945	0.0000	0.0000	0.0000	0.7288	
946	0.0000	0.0000	0.0000	0.7294	
947	0.0000	0.0000	0.0000	0.7300	
948	0.0000	0.0000	0.0000	0.7306	
949	0.0000	0.0000	0.0000	0.7312	
950	0.0000	0.0000	0.0000	0.7317	
951	0.0000	0.0000	0.0000	0.7322	
952	0.0000	0.0000	0.0000	0.7327	
953	0.0000	0.0000	0.0000	0.7331	
954	0.0000	0.0000	0.0000	0.7336	
955	0.0000	0.0000	0.0000	0.7340	
956	0.0000	0.0000	0.0000	0.7344	
957	0.0000	0.0000	0.0000	0.7348	
958	0.0000	0.0000	0.0000	0.7351	
959	0.0000	0.0000	0.0000	0.7355	
960	0.0000	0.0000	0.0000	0.7358	
961	0.0000	0.0000	0.0000	0.7361	
962	0.0000	0.0000	0.0000	0.7364	
963	0.0000	0.0000	0.0000	0.7367	
964	0.0000	0.0000	0.0000	0.7370	
965	0.0000	0.0000	0.0000	0.7372	
966	0.0000	0.0000	0.0000	0.7375	
967	0.0000	0.0000	0.0000	0.7377	
968	0.0000	0.0000	0.0000	0.7379	
969	0.0000	0.0000	0.0000	0.7381	
970	0.0000	0.0000	0.0000	0.7383	
971	0.0000	0.0000	0.0000	0.7385	
972	0.0000	0.0000	0.0000	0.7387	
973	0.0000	0.0000	0.0000	0.7389	
974	0.0000	0.0000	0.0000	0.7390	
975	0.0000	0.0000	0.0000	0.7392	
976	0.0000	0.0000	0.0000	0.7394	
977	0.0000	0.0000	0.0000	0.7395	
978	0.0000	0.0000	0.0000	0.7396	
979	0.0000	0.0000	0.0000	0.7398	
980	0.0000	0.0000	0.0000	0.7399	
981	0.0000	0.0000	0.0000	0.7400	
982	0.0000	0.0000	0.0000	0.7401	
983	0.0000	0.0000	0.0000	0.7402	
984	0.0000	0.0000	0.0000	0.7403	
985	0.0000	0.0000	0.0000	0.7404	
986	0.0000	0.0000	0.0000	0.7405	
987	0.0000	0.0000	0.0000	0.7406	
988	0.0000	0.0000	0.0000	0.7407	
989	0.0000	0.0000	0.0000	0.7407	
990	0.0000	0.0000	0.0000	0.7408	
991	0.0000	0.0000	0.0000	0.7409	
992	0.0000	0.0000	0.0000	0.7409	
993	0.0000	0.0000	0.0000	0.7410	
994	0.0000	0.0000	0.0000	0.7411	
995	0.0000	0.0000	0.0000	0.7411	
996	0.0000	0.0000	0.0000	0.7412	
997	0.0000	0.0000	0.0000	0.7412	
998	0.0000	0.0000	0.0000	0.7413	
999	0.0000	0.0000	0.0000	0.7413	
1000	0.0000	0.0000	0.0000	0.7414	
1001	0.0000	0.0000	0.0000	0.7414	
1002	1.0000	0.0000	0.0000	0.7415	
1003	1.0000	0.0000	0.0000	0.7415	
1004	1.0000	0.0000	0.0000	0.7415	
1005	1.0000	0.0000	0.0000	0.7416	
1006	1.0000	0.0000	0.0000	0.7416	
1007	1.0000	0.0000	0.0000	0.7416	
1008	1.0000	0.0000	0.0000	0.7417	
1009	1.0000	0.0000	0.0000	0.7417	
1010	1.0000	0.0000	0.0000	0.7417	
1011	1.0000	0.0000	0.0000	0.7417	
1012	1.0000	0.0000	0.0000	0.7418	
1013	1.0000	0.0000	0.0000	0.7418	
1014	1.0000	0.0000	0.0000	0.7418	
1015	1.0000	0.0000	0.0000	0.7418	
1016	1.0000	0.0000	0.0000	0.7418	
1017	1.0000	0.0000	0.0000	0.7419	
1018	1.0000	0.0000	0.0000	0.7418	
1019	1.0000	0.0000	0.0000	0.7417	
1020	1.0000	0.0000	0.0000	0.7414	
1021	1.0000	0.0000	0.0000	0.7408	
1022	0.0000	0.0000	0.0000	0.7398	
1023	0.0000	0.0000	0.0000	0.7384	
1024	0.0000	0.0000	0.0000	0.7364	
1025	0.0000	0.0000	0.0000	0.7338	
1026	0.0000	0.0000	0.0000	0.7307	
1027	0.0000	0.0000	0.0000	0.7268	
1028	0.0000	0.0000	0.0000	0.7222	
1029	0.0000	0.0000	0.0000	0.7170	
1030	0.0000	0.0000	0.0000	0.7110	
1031	0.0000	0.0000	0.0000	0.7044	
1032	0.0000	0.0000	0.0000	0.6971	
1033	0.0000	0.0000	0.0000	0.6892	
1034	0.0000	0.0000	0.0000	0.6807	
1035	0.0000	0.0000	0.0000	0.6716	
1036	0.0000	0.0000	0.0000	0.6621	
1037	0.0000	0.0000	0.0000	0.6522	
1038	0.0000	0.0000	0.0000	0.6419	
1039	0.0000	0.0000	0.0000	0.6314	
1040	0.0000	0.0000	0.0000	0.6208	
1041	0.0000	0.0000	0.0000	0.6101	
1042	0.0000	0.0000	0.0000	0.5995	
1043	0.0000	0.0000	0.0000	0.5890	
1044	0.0000	0.0000	0.0000	0.5788	
1045	0.0000	0.0000	0.0000	0.5690	
1046	0.0000	0.0000	0.0000	0.5595	
1047	0.0000	0.0000	0.0000	0.5505	
1048	0.0000	0.0000	0.0000	0.5421	
1049	0.0000	0.0000	0.0000	0.5342	
1050	0.0000	0.0000	0.0000	0.5268	
1051	0.0000	0.0000	0.0000	0.5201	
1052	0.0000	0.0000	0.0000	0.5140	
1053	0.0000	0.0000	0.0000	0.5085	
1054	0.0000	0.0000	0.0000	0.5037	
1055	0.0000	0.0000	0.0000	0.4995	
1056	0.0000	0.0000	0.0000	0.4959	
1057	0.0000	0.0000	0.0000	0.4930	
1058	0.0000	0.0000	0.0000	0.4906	
1059	0.0000	0.0000	0.0000	0.4889	
1060	0.0000	0.0000	0.0000	0.4877	
1061	0.0000	0.0000	0.0000	0.4871	
1062	0.0000	0.0000	0.0000	0.4870	
1063	0.0000	0.0000	0.0000	0.4873	
1064	0.0000	0.0000	0.0000	0.4882	
1065	0.0000	0.0000	0.0000	0.4895	
1066	0.0000	0.0000	0.0000	0.4913	
1067	0.0000	0.0000	0.0000	0.4934	
1068	0.0000	0.0000	0.0000	0.4959	
1069	0.0000	0.0000	0.0000	0.4987	
1070	0.0000	0.0000	0.0000	0.5019	
1071	0.0000	0.0000	0.0000	0.5053	
1072	0.0000	0.0000	0.0000	0.5090	
1073	0.0000	0.0000	0.0000	0.5129	
1074	0.0000	0.0000	0.0000	0.5171	
1075	0.0000	0.0000	0.0000	0.5214	
1076	0.0000	0.0000	0.0000	0.5259	
1077	0.0000	0.0000	0.0000	0.5305	
1078	0.0000	0.0000	0.0000	0.5353	
1079	0.0000	0.0000	0.0000	0.5401	
1080	0.0000	0.0000	0.0000	0.5451	
1081	0.0000	0.0000	0.0000	0.5501	
1082	0.0000	0.0000	0.0000	0.5551	
1083	0.0000	0.0000	0.0000	0.5602	
1084	0.0000	0.0000	0.0000	0.5652	
1085	0.0000	0.0000	0.0000	0.5703	
1086	0.0000	0.0000	0.0000	0.5754	
1087	0.0000	0.0000	0.0000	0.5804	
1088	0.0000	0.0000	0.0000	0.5854	
1089	0.0000	0.0000	0.0000	0.5903	
1090	0.0000	0.0000	0.0000	0.5952	
1091	0.0000	0.0000	0.0000	0.6001	
1092	0.0000	0.0000	0.0000	0.6048	
1093	0.0000	0.0000	0.0000	0.6095	
1094	0.0000	0.0000	0.0000	0.6141	
1095	0.0000	0.0000	0.0000	0.6186	
1096	0.0000	0.0000	0.0000	0.6230	
1097	0.0000	0.0000	0.0000	0.6274	
1098	0.0000	0.0000	0.0000	0.6316	
1099	0.0000	0.0000	0.0000	0.6357	
1100	0.0000	0.0000	0.0000	0.6397	
1101	0.0000	0.0000	0.0000	0.6436	
1102	0.0000	0.0000	0.0000	0.6474	
1103	0.0000	0.0000	0.0000	0.6511	
1104	0.0000	0.0000	0.0000	0.6547	
1105	0.0000	0.0000	0.0000	0.6582	
1106	0.0000	0.0000	0.0000	0.6615	
1107	0.0000	0.0000	0.0000	0.6648	
1108	0.0000	0.0000	0.0000	0.6680	
1109	0.0000	0.0000	0.0000	0.6710	
1110	0.0000	0.0000	0.0000	0.6740	
1111	0.0000	0.0000	0.0000	0.6768	
1112	0.0000	0.0000	0.0000	0.6796	
1113	0.0000	0.0000	0.0000	0.6822	
1114	0.0000	0.0000	0.0000	0.6848	
1115	0.0000	0.0000	0.0000	0.6872	
1116	0.0000	0.0000	0.0000	0.6896	
1117	0.0000	0.0000	0.0000	0.6919	
1118	0.0000	0.0000	0.0000	0.6941	
1119	0.0000	0.0000	0.0000	0.6962	
1120	0.0000	0.0000	0.0000	0.6982	
1121	0.0000	0.0000	0.0000	0.7002	
1122	0.0000	0.0000	0.0000	0.7021	
1123	0.0000	0.0000	0.0000	0.7039	
1124	0.0000	0.0000	0.0000	0.7056	
1125	0.0000	0.0000	0.0000	0.7072	
1126	0.0000	0.0000	0.0000	0.7088	
1127	0.0000	0.0000	0.0000	0.7103	
1128	0.0000	0.0000	0.0000	0.7118	
1129	0.0000	0.0000	0.0000	0.7132	
1130	0.0000	0.0000	0.0000	0.7145	
1131	0.0000	0.0000	0.0000	0.7158	
1132	0.0000	0.0000	0.0000	0.7170	
1133	0.0000	0.0000	0.0000	0.7182	
1134	0.0000	0.0000	0.0000	0.7193	
1135	0.0000	0.0000	0.0000	0.7204	
1136	0.0000	0.0000	0.0000	0.7214	
1137	0.0000	0.0000	0.0000	0.7224	
1138	0.0000	0.0000	0.0000	0.7233	
1139	0.0000	0.0000	0.0000	0.7242	
1140	0.0000	0.0000	0.0000	0.7250	
1141	0.0000	0.0000	0.0000	0.7259	
1142	0.0000	0.0000	0.0000	0.7266	
1143	0.0000	0.0000	0.0000	0.7274	
1144	0.0000	0.0000	0.0000	0.7281	
1145	0.0000	0.0000	0.0000	0.7288	
1146	0.0000	0.0000	0.0000	0.7294	
1147	0.0000	0.0000	0.0000	0.7300	
1148	0.0000	0.0000	0.0000	0.7306	
1149	0.0000	0.0000	0.0000	0.7312	
1150	0.0000	0.0000	0.0000	0.7317	
1151	0.0000	0.0000	0.0000	0.7322	
1152	0.0000	0.0000	0.0000	0.7327	
1153	0.0000	0.0000	0.0000	0.7331	
1154	0.0000	0.0000	0.0000	0.7336	
1155	0.0000	0.0000	0.0000	0.7340	
1156	0.0000	0.0000	0.0000	0.7344	
1157	0.0000	0.0000	0.0000	0.7348	
1158	0.0000	0.0000	0.0000	0.7351	
1159	0.0000	0.0000	0.0000	0.7355	
1160	0.0000	0.0000	0.0000	0.7358	
1161	0.0000	0.0000	0.0000	0.7361	
1162	0.0000	0.0000	0.0000	0.7364	
1163	0.0000	0.0000	0.0000	0.7367	
1164	0.0000	0.0000	0.0000	0.7370	
1165	0.0000	0.0000	0.0000	0.7372	
1166	0.0000	0.0000	0.0000	0.7375	
1167	0.0000	0.0000	0.0000	0.7377	
1168	0.0000	0.0000	0.0000	0.7379	
1169	0.0000	0.0000	0.0000	0.7381	
1170	0.0000	0.0000	0.0000	0.7383	
1171	0.0000	0.0000	0.0000	0.7385	
1172	0.0000	0.0000	0.0000	0.7387	
1173	0.0000	0.0000	0.0000	0.7389	
1174	0.0000	0.0000	0.0000	0.7390	
1175	0.0000	0.0000	0.0000	0.7392	
1176	0.0000	0.0000	0.0000	0.7394	
1177	0.0000	0.0000	0.0000	0.7395	
1178	0.0000	0.0000	0.0000	0.7396	
1179	0.0000	0.0000	0.0000	0.7398	
1180	0.0000	0.0000	0.0000	0.7399	
1181	0.0000	0.0000	0.0000	0.7400	
1182	0.0000	0.0000	0.0000	0.7401	
1183	0.0000	0.0000	0.0000	0.7402	
1184	0.0000	0.0000	0.0000	0.7403	
1185	0.0000	0.0000	0.0000	0.7404	
1186	0.0000	0.0000	0.0000	0.7405	
1187	0.0000	0.0000	0.0000	0.7406	
1188	0.0000	0.0000	0.0000	0.7407	
1189	0.0000	0.0000	0.0000	0.7407	
1190	0.0000	0.0000	0.0000	0.7408	
1191	0.0000	0.0000	0.0000	0.7409	
1192	0.0000	0.0000	0.0000	0.7409	
1193	0.0000	0.0000	0.0000	0.7410	
1194	0.0000	0.0000	0.0000	0.7411	
1195	0.0000	0.0000	0.0000	0.7411	
1196	0.0000	0.0000	0.0000	0.7412	
1197	0.0000	0.0000	0.0000	0.7412	
1198	0.0000	0.0000	0.0000	0.7413	
1199	0.0000	0.0000	0.0000	0.7413	
1200	0.0000	0.0000	0.0000	0.7414	
1201	0.0000	0.0000	0.0000	0.7414	
1202	1.0000	0.0000	0.0000	0.7415	
1203	1.0000	0.0000	0.0000	0.7415	
1204	1.0000	0.0000	0.0000	0.7415	
1205	1.0000	0.0000	0.0000	0.7416	
1206	1.0000	0.0000	0.0000	0.7416	
1207	1.0000	0.0000	0.0000	0.7416	
1208	1.0000	0.0000	0.0000	0.7417	
1209	1.0000	0.0000	0.0000	0.7417	
1210	1.0000	0.0000	0.0000	0.7417	
1211	1.0000	0.0000	0.0000	0.7417	
1212	1.0000	0.0000	0.0000	0.7418	
1213	1.0000	0.0000	0.0000	0.7418	
1214	1.0000	0.0000	0.0000	0.7418	
1215	1.0000	0.0000	0.0000	0.7418	
1216	1.0000	0.0000	0.0000	0.7418	
1217	1.0000	0.0000	0.0000	0.7419	
1218	1.0000	0.0000	0.0000	0.7418	
1219	1.0000	0.0000	0.0000	0.7417	
1220	1.0000	0.0000	0.0000	0.7414	
1221	1.0000	0.0000	0.0000	0.7408	
1222	0.0000	0.0000	0.0000	0.7398	
1223	0.0000	0.0000	0.0000	0.7384	
1224	0.0000	0.0000	0.0000	0.7364	
1225	0.0000	0.0000	0.0000	0.7338	
1226	0.0000	0.0000	0.0000	0.7307	
1227	0.0000	0.0000	0.0000	0.7268	
1228	0.0000	0.0000	0.0000	0.7222	
1229	0.0000	0.0000	0.0000	0.7170	
1230	0.0000	0.0000	0.0000	0.7110	
1231	0.0000	0.0000	0.0000	0.7044	
1232	0.0000	0.0000	0.0000	0.6971	
1233	0.0000	0.0000	0.0000	0.6892	
1234	0.0000	0.0000	0.0000	0.6807	
1235	0.0000	0.0000	0.0000	0.6716	
1236	0.0000	0.0000	0.0000	0.6621	
1237	0.0000	0.0000	0.0000	0.6522	
1238	0.0000	0.0000	0.0000	0.6419	
1239	0.0000	0.0000	0.0000	0.6314	
1240	0.0000	0.0000	0.0000	0.6208	
1241	0.0000	0.0000	0.0000	0.6101	
1242	0.0000	0.0000	0.0000	0.5995	
1243	0.0000	0.0000	0.0000	0.5890	
1244	0.0000	0.0000	0.0000	0.5788	
1245	0.0000	0.0000	0.0000	0.5690	
1246	0.0000	0.0000	0.0000	0.5595	
1247	0.0000	0.0000	0.0000	0.5505	
1248	0.0000	0.0000	0.0000	0.5421	
1249	0.0000	0.0000	0.0000	0.5342	
1250	0.0000	0.0000	0.0000	0.5268	
1251	0.0000	0.0000	0.0000	0.5201	
1252	0.0000	0.0000	0.0000	0.5140	
1253	0.0000	0.0000	0.0000	0.5085	
1254	0.0000	0.0000	0.0000	0.5037	
1255	0.0000	0.0000	0.0000	0.4995	
1256	0.0000	0.0000	0.0000	0.4959	
1257	0.0000	0.0000	0.0000	0.4930	
1258	0.0000	0.0000	0.0000	0.4906	
1259	0.0000	0.0000	0.0000	0.4889	
1260	0.0000	0.0000	0.0000	0.4877	
1261	0.0000	0.0000	0.0000	0.4871	
1262	0.0000	0.0000	0.0000	0.4870	
1263	0.0000	0.0000	0.0000	0.4873	
1264	0.0000	0.0000	0.0000	0.4882	
1265	0.0000	0.0000	0.0000	0.4895	
1266	0.0000	0.0000	0.0000	0.4913	
1267	0.0000	0.0000	0.0000	0.4934	
1268	0.0000	0.0000	0.0000	0.4959	
1269	0.0000	0.0000	0.0000	0.4987	
1270	0.0000	0.0000	0.0000	0.5019	
1271	0.0000	0.0000	0.0000	0.5053	
1272	0.0000	0.0000	0.0000	0.5090	
1273	0.0000	0.0000	0.0000	0.5129	
1274	0.0000	0.0000	0.0000	0.5171	
