T/1	Light/1	Pupil/3			
0	0.0000	0.0000	0.0000	0.0000	
1	0.5000	0.0000	0.0000	0.0200	
2	1.5000	0.0000	0.0000	0.0380	
3	1.0000	0.0000	0.0000	0.0542	
4	1.0000	0.0000	0.0000	0.0688	
5	1.0000	0.0000	0.0000	0.0819	
6	1.0000	0.0000	0.0000	0.0937	
7	1.0000	0.0000	0.0000	0.1043	
8	0.0000	0.0000	0.0000	0.1139	
9	0.0000	0.0000	0.0000	0.1225	
10	0.0000	0.0000	0.0000	0.1303	
11	0.0000	0.0000	0.0000	0.1372	
12	0.0000	0.0000	0.0000	0.1435	
13	0.0000	0.0000	0.0000	0.1492	
14	0.0000	0.0000	0.0000	0.1542	
15	0.0000	0.0000	0.0000	0.1596	
16	0.0000	0.0000	0.0000	0.1653	
17	0.0000	0.0000	0.0000	0.1715	
18	0.0000	0.0000	0.0000	0.1779	
19	0.0000	0.0000	0.0000	0.1845	
20	0.0000	0.0000	0.0000	0.1909	
21	0.0000	0.0000	0.0000	0.1971	
22	0.0000	0.0000	0.0000	0.2029	
23	0.0000	0.0000	0.0000	0.2082	
24	0.0000	0.0000	0.0000	0.2128	
25	0.0000	0.0000	0.0000	0.2168	
26	0.0000	0.0000	0.0000	0.2202	
27	0.0000	0.0000	0.0000	0.2231	
28	0.0000	0.0000	0.0000	0.2255	
29	0.0000	0.0000	0.0000	0.2275	
30	0.0000	0.0000	0.0000	0.2291	
31	0.0000	0.0000	0.0000	0.2304	
32	0.0000	0.0000	0.0000	0.2314	
33	0.0000	0.0000	0.0000	0.2322	
34	0.0000	0.0000	0.0000	0.2329	
35	0.0000	0.0000	0.0000	0.2335	
36	0.0000	0.0000	0.0000	0.2340	
37	0.0000	0.0000	0.0000	0.2344	
38	0.0000	0.0000	0.0000	0.2347	
39	0.0000	0.0000	0.0000	0.2351	
40	0.0000	0.0000	0.0000	0.2354	
41	0.0000	0.0000	0.0000	0.2358	
42	0.0000	0.0000	0.0000	0.2362	
43	0.0000	0.0000	0.0000	0.2366	
44	0.0000	0.0000	0.0000	0.2370	
45	0.0000	0.0000	0.0000	0.2375	
46	0.0000	0.0000	0.0000	0.2380	
47	0.0000	0.0000	0.0000	0.2386	
48	0.0000	0.0000	0.0000	0.2393	
49	0.0000	0.0000	0.0000	0.2399	
50	0.0000	0.0000	0.0000	0.2407	
51	0.0000	0.0000	0.0000	0.2414	
52	0.0000	0.0000	0.0000	0.2423	
53	0.0000	0.0000	0.0000	0.2431	
54	0.0000	0.0000	0.0000	0.2440	
55	0.0000	0.0000	0.0000	0.2450	
56	0.0000	0.0000	0.0000	0.2459	
57	0.0000	0.0000	0.0000	0.2470	
58	0.0000	0.0000	0.0000	0.2480	
59	0.0000	0.0000	0.0000	0.2491	
60	0.0000	0.0000	0.0000	0.2502	
61	0.0000	0.0000	0.0000	0.2513	
62	0.0000	0.0000	0.0000	0.2524	
63	0.0000	0.0000	0.0000	0.2536	
64	0.0000	0.0000	0.0000	0.2547	
65	0.0000	0.0000	0.0000	0.2559	
66	0.0000	0.0000	0.0000	0.2571	
67	0.0000	0.0000	0.0000	0.2583	
68	0.0000	0.0000	0.0000	0.2595	
69	0.0000	0.0000	0.0000	0.2606	
70	0.0000	0.0000	0.0000	0.2618	
71	0.0000	0.0000	0.0000	0.2630	
72	0.0000	0.0000	0.0000	0.2642	
73	0.0000	0.0000	0.0000	0.2653	
74	0.0000	0.0000	0.0000	0.2665	
75	0.0000	0.0000	0.0000	0.2676	
76	0.0000	0.0000	0.0000	0.2687	
77	0.0000	0.0000	0.0000	0.2698	
78	0.0000	0.0000	0.0000	0.2709	
79	0.0000	0.0000	0.0000	0.2720	
80	0.0000	0.0000	0.0000	0.2730	
81	0.0000	0.0000	0.0000	0.2740	
82	0.0000	0.0000	0.0000	0.2750	
83	0.0000	0.0000	0.0000	0.2760	
84	0.0000	0.0000	0.0000	0.2770	
85	0.0000	0.0000	0.0000	0.2779	
86	0.0000	0.0000	0.0000	0.2789	
87	0.0000	0.0000	0.0000	0.2797	
88	0.0000	0.0000	0.0000	0.2806	
89	0.0000	0.0000	0.0000	0.2815	
90	0.0000	0.0000	0.0000	0.2823	
91	0.0000	0.0000	0.0000	0.2831	
92	0.0000	0.0000	0.0000	0.2839	
93	0.0000	0.0000	0.0000	0.2846	
94	0.0000	0.0000	0.0000	0.2854	
95	0.0000	0.0000	0.0000	0.2861	
96	0.0000	0.0000	0.0000	0.2868	
97	0.0000	0.0000	0.0000	0.2874	
98	0.0000	0.0000	0.0000	0.2881	
99	0.0000	0.0000	0.0000	0.2887	
100	0.0000	0.0000	0.0000	0.2893	
101	0.0000	0.0000	0.0000	0.2899	
102	0.0000	0.0000	0.0000	0.2904	
103	0.0000	0.0000	0.0000	0.2910	
104	0.0000	0.0000	0.0000	0.2915	
105	0.0000	0.0000	0.0000	0.2920	
106	0.0000	0.0000	0.0000	0.2925	
107	0.0000	0.0000	0.0000	0.2929	
108	0.0000	0.0000	0.0000	0.2934	
109	0.0000	0.0000	0.0000	0.2938	
110	0.0000	0.0000	0.0000	0.2942	
111	0.0000	0.0000	0.0000	0.2946	
112	0.0000	0.0000	0.0000	0.2950	
113	0.0000	0.0000	0.0000	0.2954	
114	0.0000	0.0000	0.0000	0.2957	
115	0.0000	0.0000	0.0000	0.2960	
116	0.0000	0.0000	0.0000	0.2964	
117	0.0000	0.0000	0.0000	0.2967	
118	0.0000	0.0000	0.0000	0.2970	
119	0.0000	0.0000	0.0000	0.2972	
120	0.0000	0.0000	0.0000	0.2975	
121	0.0000	0.0000	0.0000	0.2978	
122	0.0000	0.0000	0.0000	0.2980	
123	0.0000	0.0000	0.0000	0.2983	
124	0.0000	0.0000	0.0000	0.2985	
125	0.0000	0.0000	0.0000	0.2987	
126	0.0000	0.0000	0.0000	0.2989	
127	0.0000	0.0000	0.0000	0.2991	
128	0.0000	0.0000	0.0000	0.2993	
129	0.0000	0.0000	0.0000	0.2995	
130	0.0000	0.0000	0.0000	0.2997	
131	0.0000	0.0000	0.0000	0.2998	
132	0.0000	0.0000	0.0000	0.3000	
133	0.0000	0.0000	0.0000	0.3001	
134	0.0000	0.0000	0.0000	0.3003	
135	0.0000	0.0000	0.0000	0.3004	
136	0.0000	0.0000	0.0000	0.3006	
137	0.0000	0.0000	0.0000	0.3007	
138	0.0000	0.0000	0.0000	0.3008	
139	0.0000	0.0000	0.0000	0.3009	
140	0.0000	0.0000	0.0000	0.3010	
141	0.0000	0.0000	0.0000	0.3011	
142	0.0000	0.0000	0.0000	0.3012	
143	0.0000	0.0000	0.0000	0.3013	
144	0.0000	0.0000	0.0000	0.3014	
145	0.0000	0.0000	0.0000	0.3015	
146	0.0000	0.0000	0.0000	0.3016	
147	0.0000	0.0000	0.0000	0.3017	
148	0.0000	0.0000	0.0000	0.3017	
149	0.0000	0.0000	0.0000	0.3018	
150	0.0000	0.0000	0.0000	0.3019	
151	0.0000	0.0000	0.0000	0.3019	
152	0.0000	0.0000	0.0000	0.3020	
153	0.0000	0.0000	0.0000	0.3021	
154	0.0000	0.0000	0.0000	0.3021	
155	0.0000	0.0000	0.0000	0.3022	
156	0.0000	0.0000	0.0000	0.3022	
157	0.0000	0.0000	0.0000	0.3023	
158	0.0000	0.0000	0.0000	0.3023	
159	0.0000	0.0000	0.0000	0.3023	
160	0.0000	0.0000	0.0000	0.3024	
161	0.0000	0.0000	0.0000	0.3024	
162	0.0000	0.0000	0.0000	0.3025	
163	0.0000	0.0000	0.0000	0.3025	
164	0.0000	0.0000	0.0000	0.3025	
165	0.0000	0.0000	0.0000	0.3026	
166	0.0000	0.0000	0.0000	0.3026	
167	0.0000	0.0000	0.0000	0.3026	
168	0.0000	0.0000	0.0000	0.3027	
169	0.0000	0.0000	0.0000	0.3027	
170	0.0000	0.0000	0.0000	0.3027	
171	0.0000	0.0000	0.0000	0.3027	
172	0.0000	0.0000	0.0000	0.3028	
173	0.0000	0.0000	0.0000	0.3028	
174	0.0000	0.0000	0.0000	0.3028	
175	0.0000	0.0000	0.0000	0.3028	
176	0.0000	0.0000	0.0000	0.3028	
177	0.0000	0.0000	0.0000	0.3028	
178	0.0000	0.0000	0.0000	0.3029	
179	0.0000	0.0000	0.0000	0.3029	
180	0.0000	0.0000	0.0000	0.3029	
181	0.0000	0.0000	0.0000	0.3029	
182	0.0000	0.0000	0.0000	0.3029	
183	0.0000	0.0000	0.0000	0.3029	
184	0.0000	0.0000	0.0000	0.3030	
185	0.0000	0.0000	0.0000	0.3030	
186	0.0000	0.0000	0.0000	0.3030	
187	0.0000	0.0000	0.0000	0.3030	
188	0.0000	0.0000	0.0000	0.3030	
189	0.0000	0.0000	0.0000	0.3030	
190	0.0000	0.0000	0.0000	0.3030	
191	0.0000	0.0000	0.0000	0.3030	
192	0.0000	0.0000	0.0000	0.3030	
193	0.0000	0.0000	0.0000	0.3030	
194	0.0000	0.0000	0.0000	0.3030	
195	0.0000	0.0000	0.0000	0.3031	
196	0.0000	0.0000	0.0000	0.3031	
197	0.0000	0.0000	0.0000	0.3031	
198	0.0000	0.0000	0.0000	0.3031	
199	0.0000	0.0000	0.0000	0.3031	
200	0.0000	0.0000	0.0000	0.3031	
201	0.0000	0.0000	0.0000	0.3031	
202	0.0000	0.0000	0.0000	0.3031	
203	0.0000	0.0000	0.0000	0.3031	
204	0.0000	0.0000	0.0000	0.3031	
205	0.0000	0.0000	0.0000	0.3031	
206	0.0000	0.0000	0.0000	0.3031	
207	0.0000	0.0000	0.0000	0.3031	
208	0.0000	0.0000	0.0000	0.3031	
209	0.0000	0.0000	0.0000	0.3031	
210	0.0000	0.0000	0.0000	0.3031	
211	0.0000	0.0000	0.0000	0.3031	
212	0.0000	0.0000	0.0000	0.3031	
213	0.0000	0.0000	0.0000	0.3031	
214	0.0000	0.0000	0.0000	0.3031	
215	0.0000	0.0000	0.0000	0.3031	
216	0.0000	0.0000	0.0000	0.3031	
217	0.0000	0.0000	0.0000	0.3031	
218	0.0000	0.0000	0.0000	0.3031	
219	0.0000	0.0000	0.0000	0.3031	
220	0.0000	0.0000	0.0000	0.3032	
221	0.0000	0.0000	0.0000	0.3032	
222	0.0000	0.0000	0.0000	0.3032	
223	0.0000	0.0000	0.0000	0.3032	
224	0.0000	0.0000	0.0000	0.3032	
225	0.0000	0.0000	0.0000	0.3032	
226	0.0000	0.0000	0.0000	0.3032	
227	0.0000	0.0000	0.0000	0.3032	
228	0.0000	0.0000	0.0000	0.3032	
229	0.0000	0.0000	0.0000	0.3032	
230	0.0000	0.0000	0.0000	0.3032	
231	0.0000	0.0000	0.0000	0.3032	
232	0.0000	0.0000	0.0000	0.3032	
233	0.0000	0.0000	0.0000	0.3032	
234	0.0000	0.0000	0.0000	0.3032	
235	0.0000	0.0000	0.0000	0.3032	
236	0.0000	0.0000	0.0000	0.3032	
237	0.0000	0.0000	0.0000	0.3032	
238	0.0000	0.0000	0.0000	0.3032	
239	0.0000	0.0000	0.0000	0.3032	
240	0.0000	0.0000	0.0000	0.3032	
241	0.0000	0.0000	0.0000	0.3032	
242	0.0000	0.0000	0.0000	0.3032	
243	0.0000	0.0000	0.0000	0.3032	
244	0.0000	0.0000	0.0000	0.3032	
245	0.0000	0.0000	0.0000	0.3032	
246	0.0000	0.0000	0.0000	0.3032	
247	0.0000	0.0000	0.0000	0.3032	
248	0.0000	0.0000	0.0000	0.3032	
249	0.0000	0.0000	0.0000	0.3032	
250	0.0000	0.0000	0.0000	0.3032	
251	0.0000	0.0000	0.0000	0.3032	
252	0.0000	0.0000	0.0000	0.3032	
253	0.0000	0.0000	0.0000	0.3032	
254	0.0000	0.0000	0.0000	0.3032	
255	0.0000	0.0000	0.0000	0.3032	
256	0.0000	0.0000	0.0000	0.3032	
257	0.0000	0.0000	0.0000	0.3032	
258	0.0000	0.0000	0.0000	0.3032	
259	0.0000	0.0000	0.0000	0.3032	
260	0.0000	0.0000	0.0000	0.3032	
261	0.0000	0.0000	0.0000	0.3032	
262	0.0000	0.0000	0.0000	0.3032	
263	0.0000	0.0000	0.0000	0.3032	
264	0.0000	0.0000	0.0000	0.3032	
265	0.0000	0.0000	0.0000	0.3032	
266	0.0000	0.0000	0.0000	0.3032	
267	0.0000	0.0000	0.0000	0.3032	
268	0.0000	0.0000	0.0000	0.3032	
269	0.0000	0.0000	0.0000	0.3032	
270	0.0000	0.0000	0.0000	0.3032	
271	0.0000	0.0000	0.0000	0.3032	
272	0.0000	0.0000	0.0000	0.3032	
273	0.0000	0.0000	0.0000	0.3032	
274	0.0000	0.0000	0.0000	0.3032	
275	0.0000	0.0000	0.0000	0.3032	
276	0.0000	0.0000	0.0000	0.3032	
277	0.0000	0.0000	0.0000	0.3032	
278	0.0000	0.0000	0.0000	0.3032	
279	0.0000	0.0000	0.0000	0.3032	
280	0.0000	0.0000	0.0000	0.3032	
281	0.0000	0.0000	0.0000	0.3032	
282	0.0000	0.0000	0.0000	0.3032	
283	0.0000	0.0000	0.0000	0.3032	
284	0.0000	0.0000	0.0000	0.3032	
285	0.0000	0.0000	0.0000	0.3032	
286	0.0000	0.0000	0.0000	0.3032	
287	0.0000	0.0000	0.0000	0.3032	
288	0.0000	0.0000	0.0000	0.3032	
289	0.0000	0.0000	0.0000	0.3032	
290	0.0000	0.0000	0.0000	0.3032	
291	0.0000	0.0000	0.0000	0.3032	
292	0.0000	0.0000	0.0000	0.3032	
293	0.0000	0.0000	0.0000	0.3032	
294	0.0000	0.0000	0.0000	0.3032	
295	0.0000	0.0000	0.0000	0.3032	
296	0.0000	0.0000	0.0000	0.3032	
297	0.0000	0.0000	0.0000	0.3032	
298	0.0000	0.0000	0.0000	0.3032	
299	0.0000	0.0000	0.0000	0.3032	
300	0.0000	0.0000	0.0000	0.3032	
301	0.0000	0.0000	0.0000	0.3032	
302	1.0000	0.0000	0.0000	0.3032	
303	1.0000	0.0000	0.0000	0.3032	
304	1.0000	0.0000	0.0000	0.3032	
305	1.0000	0.0000	0.0000	0.3032	
306	1.0000	0.0000	0.0000	0.3032	
307	1.0000	0.0000	0.0000	0.3032	
308	0.0000	0.0000	0.0000	0.3032	
309	0.0000	0.0000	0.0000	0.3032	
310	0.0000	0.0000	0.0000	0.3032	
311	0.0000	0.0000	0.0000	0.3032	
312	0.0000	0.0000	0.0000	0.3032	
313	0.0000	0.0000	0.0000	0.3032	
314	0.0000	0.0000	0.0000	0.3032	
315	0.0000	0.0000	0.0000	0.3032	
316	0.0000	0.0000	0.0000	0.3032	
317	0.0000	0.0000	0.0000	0.3032	
318	0.0000	0.0000	0.0000	0.3032	
319	0.0000	0.0000	0.0000	0.3031	
320	0.0000	0.0000	0.0000	0.3029	
321	0.0000	0.0000	0.0000	0.3026	
322	0.0000	0.0000	0.0000	0.3021	
323	0.0000	0.0000	0.0000	0.3013	
324	0.0000	0.0000	0.0000	0.3003	
325	0.0000	0.0000	0.0000	0.2991	
326	0.0000	0.0000	0.0000	0.2976	
327	0.0000	0.0000	0.0000	0.2960	
328	0.0000	0.0000	0.0000	0.2942	
329	0.0000	0.0000	0.0000	0.2922	
330	0.0000	0.0000	0.0000	0.2902	
331	0.0000	0.0000	0.0000	0.2881	
332	0.0000	0.0000	0.0000	0.2859	
333	0.0000	0.0000	0.0000	0.2838	
334	0.0000	0.0000	0.0000	0.2817	
335	0.0000	0.0000	0.0000	0.2796	
336	0.0000	0.0000	0.0000	0.2775	
337	0.0000	0.0000	0.0000	0.2756	
338	0.0000	0.0000	0.0000	0.2737	
339	0.0000	0.0000	0.0000	0.2719	
340	0.0000	0.0000	0.0000	0.2703	
341	0.0000	0.0000	0.0000	0.2687	
342	0.0000	0.0000	0.0000	0.2673	
343	0.0000	0.0000	0.0000	0.2660	
344	0.0000	0.0000	0.0000	0.2648	
345	0.0000	0.0000	0.0000	0.2638	
346	0.0000	0.0000	0.0000	0.2629	
347	0.0000	0.0000	0.0000	0.2621	
348	0.0000	0.0000	0.0000	0.2615	
349	0.0000	0.0000	0.0000	0.2610	
350	0.0000	0.0000	0.0000	0.2605	
351	0.0000	0.0000	0.0000	0.2602	
352	0.0000	0.0000	0.0000	0.2600	
353	0.0000	0.0000	0.0000	0.2600	
354	0.0000	0.0000	0.0000	0.2600	
355	0.0000	0.0000	0.0000	0.2601	
356	0.0000	0.0000	0.0000	0.2602	
357	0.0000	0.0000	0.0000	0.2605	
358	0.0000	0.0000	0.0000	0.2608	
359	0.0000	0.0000	0.0000	0.2613	
360	0.0000	0.0000	0.0000	0.2617	
361	0.0000	0.0000	0.0000	0.2623	
362	0.0000	0.0000	0.0000	0.2628	
363	0.0000	0.0000	0.0000	0.2635	
364	0.0000	0.0000	0.0000	0.2641	
365	0.0000	0.0000	0.0000	0.2648	
366	0.0000	0.0000	0.0000	0.2656	
367	0.0000	0.0000	0.0000	0.2663	
368	0.0000	0.0000	0.0000	0.2671	
369	0.0000	0.0000	0.0000	0.2680	
370	0.0000	0.0000	0.0000	0.2688	
371	0.0000	0.0000	0.0000	0.2696	
372	0.0000	0.0000	0.0000	0.2705	
373	0.0000	0.0000	0.0000	0.2713	
374	0.0000	0.0000	0.0000	0.2722	
375	0.0000	0.0000	0.0000	0.2731	
376	0.0000	0.0000	0.0000	0.2739	
377	0.0000	0.0000	0.0000	0.2748	
378	0.0000	0.0000	0.0000	0.2757	
379	0.0000	0.0000	0.0000	0.2765	
380	0.0000	0.0000	0.0000	0.2774	
381	0.0000	0.0000	0.0000	0.2782	
382	0.0000	0.0000	0.0000	0.2790	
383	0.0000	0.0000	0.0000	0.2798	
384	0.0000	0.0000	0.0000	0.2806	
385	0.0000	0.0000	0.0000	0.2814	
386	0.0000	0.0000	0.0000	0.2822	
387	0.0000	0.0000	0.0000	0.2829	
388	0.0000	0.0000	0.0000	0.2837	
389	0.0000	0.0000	0.0000	0.2844	
390	0.0000	0.0000	0.0000	0.2851	
391	0.0000	0.0000	0.0000	0.2858	
392	0.0000	0.0000	0.0000	0.2864	
393	0.0000	0.0000	0.0000	0.2871	
394	0.0000	0.0000	0.0000	0.2877	
395	0.0000	0.0000	0.0000	0.2883	
396	0.0000	0.0000	0.0000	0.2889	
397	0.0000	0.0000	0.0000	0.2895	
398	0.0000	0.0000	0.0000	0.2900	
399	0.0000	0.0000	0.0000	0.2905	
400	0.0000	0.0000	0.0000	0.2911	
401	0.0000	0.0000	0.0000	0.2916	
402	0.0000	0.0000	0.0000	0.2920	
403	0.0000	0.0000	0.0000	0.2925	
404	0.0000	0.0000	0.0000	0.2930	
405	0.0000	0.0000	0.0000	0.2934	
406	0.0000	0.0000	0.0000	0.2938	
407	0.0000	0.0000	0.0000	0.2942	
408	0.0000	0.0000	0.0000	0.2946	
409	0.0000	0.0000	0.0000	0.2950	
410	0.0000	0.0000	0.0000	0.2953	
411	0.0000	0.0000	0.0000	0.2957	
412	0.0000	0.0000	0.0000	0.2960	
413	0.0000	0.0000	0.0000	0.2963	
414	0.0000	0.0000	0.0000	0.2966	
415	0.0000	0.0000	0.0000	0.2969	
416	0.0000	0.0000	0.0000	0.2972	
417	0.0000	0.0000	0.0000	0.2975	
418	0.0000	0.0000	0.0000	0.2977	
419	0.0000	0.0000	0.0000	0.2980	
420	0.0000	0.0000	0.0000	0.2982	
421	0.0000	0.0000	0.0000	0.2985	
422	0.0000	0.0000	0.0000	0.2987	
423	0.0000	0.0000	0.0000	0.2989	
424	0.0000	0.0000	0.0000	0.2991	
425	0.0000	0.0000	0.0000	0.2993	
426	0.0000	0.0000	0.0000	0.2994	
427	0.0000	0.0000	0.0000	0.2996	
428	0.0000	0.0000	0.0000	0.2998	
429	0.0000	0.0000	0.0000	0.2999	
430	0.0000	0.0000	0.0000	0.3001	
431	0.0000	0.0000	0.0000	0.3002	
432	0.0000	0.0000	0.0000	0.3004	
433	0.0000	0.0000	0.0000	0.3005	
434	0.0000	0.0000	0.0000	0.3006	
435	0.0000	0.0000	0.0000	0.3008	
436	0.0000	0.0000	0.0000	0.3009	
437	0.0000	0.0000	0.0000	0.3010	
438	0.0000	0.0000	0.0000	0.3011	
439	0.0000	0.0000	0.0000	0.3012	
440	0.0000	0.0000	0.0000	0.3013	
441	0.0000	0.0000	0.0000	0.3014	
442	0.0000	0.0000	0.0000	0.3015	
443	0.0000	0.0000	0.0000	0.3016	
444	0.0000	0.0000	0.0000	0.3016	
445	0.0000	0.0000	0.0000	0.3017	
446	0.0000	0.0000	0.0000	0.3018	
447	0.0000	0.0000	0.0000	0.3018	
448	0.0000	0.0000	0.0000	0.3019	
449	0.0000	0.0000	0.0000	0.3020	
450	0.0000	0.0000	0.0000	0.3020	
451	0.0000	0.0000	0.0000	0.3021	
452	0.0000	0.0000	0.0000	0.3021	
453	0.0000	0.0000	0.0000	0.3022	
454	0.0000	0.0000	0.0000	0.3022	
455	0.0000	0.0000	0.0000	0.3023	
456	0.0000	0.0000	0.0000	0.3023	
457	0.0000	0.0000	0.0000	0.3024	
458	0.0000	0.0000	0.0000	0.3024	
459	0.0000	0.0000	0.0000	0.3025	
460	0.0000	0.0000	0.0000	0.3025	
461	0.0000	0.0000	0.0000	0.3025	
462	0.0000	0.0000	0.0000	0.3026	
463	0.0000	0.0000	0.0000	0.3026	
464	0.0000	0.0000	0.0000	0.3026	
465	0.0000	0.0000	0.0000	0.3026	
466	0.0000	0.0000	0.0000	0.3027	
467	0.0000	0.0000	0.0000	0.3027	
468	0.0000	0.0000	0.0000	0.3027	
469	0.0000	0.0000	0.0000	0.3027	
470	0.0000	0.0000	0.0000	0.3028	
471	0.0000	0.0000	0.0000	0.3028	
472	0.0000	0.0000	0.0000	0.3028	
473	0.0000	0.0000	0.0000	0.3028	
474	0.0000	0.0000	0.0000	0.3028	
475	0.0000	0.0000	0.0000	0.3029	
476	0.0000	0.0000	0.0000	0.3029	
477	0.0000	0.0000	0.0000	0.3029	
478	0.0000	0.0000	0.0000	0.3029	
479	0.0000	0.0000	0.0000	0.3029	
480	0.0000	0.0000	0.0000	0.3029	
481	0.0000	0.0000	0.0000	0.3029	
482	0.0000	0.0000	0.0000	0.3030	
483	0.0000	0.0000	0.0000	0.3030	
484	0.0000	0.0000	0.0000	0.3030	
485	0.0000	0.0000	0.0000	0.3030	
486	0.0000	0.0000	0.0000	0.3030	
487	0.0000	0.0000	0.0000	0.3030	
488	0.0000	0.0000	0.0000	0.3030	
489	0.0000	0.0000	0.0000	0.3030	
490	0.0000	0.0000	0.0000	0.3030	
491	0.0000	0.0000	0.0000	0.3030	
492	0.0000	0.0000	0.0000	0.3030	
493	0.0000	0.0000	0.0000	0.3031	
494	0.0000	0.0000	0.0000	0.3031	
495	0.0000	0.0000	0.0000	0.3031	
496	0.0000	0.0000	0.0000	0.3031	
497	0.0000	0.0000	0.0000	0.3031	
498	0.0000	0.0000	0.0000	0.3031	
499	0.0000	0.0000	0.0000	0.3031	
500	0.0000	0.0000	0.0000	0.3031	
501	0.0000	0.0000	0.0000	0.3031	
502	0.0000	0.0000	0.0000	0.3031	
503	0.0000	0.0000	0.0000	0.3031	
504	0.0000	0.0000	0.0000	0.3031	
505	0.0000	0.0000	0.0000	0.3031	
506	0.0000	0.0000	0.0000	0.3031	
507	0.0000	0.0000	0.0000	0.3031	
508	0.0000	0.0000	0.0000	0.3031	
509	0.0000	0.0000	0.0000	0.3031	
510	0.0000	0.0000	0.0000	0.3031	
511	0.0000	0.0000	0.0000	0.3031	
512	0.0000	0.0000	0.0000	0.3031	
513	0.0000	0.0000	0.0000	0.3031	
514	0.0000	0.0000	0.0000	0.3031	
515	0.0000	0.0000	0.0000	0.3031	
516	0.0000	0.0000	0.0000	0.3031	
517	0.0000	0.0000	0.0000	0.3031	
518	0.0000	0.0000	0.0000	0.3032	
519	0.0000	0.0000	0.0000	0.3032	
520	0.0000	0.0000	0.0000	0.3032	
521	0.0000	0.0000	0.0000	0.3032	
522	0.0000	0.0000	0.0000	0.3032	
523	0.0000	0.0000	0.0000	0.3032	
524	0.0000	0.0000	0.0000	0.3032	
525	0.0000	0.0000	0.0000	0.3032	
526	0.0000	0.0000	0.0000	0.3032	
527	0.0000	0.0000	0.0000	0.3032	
528	0.0000	0.0000	0.0000	0.3032	
529	0.0000	0.0000	0.0000	0.3032	
530	0.0000	0.0000	0.0000	0.3032	
531	0.0000	0.0000	0.0000	0.3032	
532	0.0000	0.0000	0.0000	0.3032	
533	0.0000	0.0000	0.0000	0.3032	
534	0.0000	0.0000	0.0000	0.3032	
535	0.0000	0.0000	0.0000	0.3032	
536	0.0000	0.0000	0.0000	0.3032	
537	0.0000	0.0000	0.0000	0.3032	
538	0.0000	0.0000	0.0000	0.3032	
539	0.0000	0.0000	0.0000	0.3032	
540	0.0000	0.0000	0.0000	0.3032	
541	0.0000	0.0000	0.0000	0.3032	
542	0.0000	0.0000	0.0000	0.3032	
543	0.0000	0.0000	0.0000	0.3032	
544	0.0000	0.0000	0.0000	0.3032	
545	0.0000	0.0000	0.0000	0.3032	
546	0.0000	0.0000	0.0000	0.3032	
547	0.0000	0.0000	0.0000	0.3032	
548	0.0000	0.0000	0.0000	0.3032	
549	0.0000	0.0000	0.0000	0.3032	
550	0.0000	0.0000	0.0000	0.3032	
551	0.0000	0.0000	0.0000	0.3032	
552	0.0000	0.0000	0.0000	0.3032	
553	0.0000	0.0000	0.0000	0.3032	
554	0.0000	0.0000	0.0000	0.3032	
555	0.0000	0.0000	0.0000	0.3032	
556	0.0000	0.0000	0.0000	0.3032	
557	0.0000	0.0000	0.0000	0.3032	
558	0.0000	0.0000	0.0000	0.3032	
559	0.0000	0.0000	0.0000	0.3032	
560	0.0000	0.0000	0.0000	0.3032	
561	0.0000	0.0000	0.0000	0.3032	
562	0.0000	0.0000	0.0000	0.3032	
563	0.0000	0.0000	0.0000	0.3032	
564	0.0000	0.0000	0.0000	0.3032	
565	0.0000	0.0000	0.0000	0.3032	
566	0.0000	0.0000	0.0000	0.3032	
567	0.0000	0.0000	0.0000	0.3032	
568	0.0000	0.0000	0.0000	0.3032	
569	0.0000	0.0000	0.0000	0.3032	
570	0.0000	0.0000	0.0000	0.3032	
571	0.0000	0.0000	0.0000	0.3032	
572	0.0000	0.0000	0.0000	0.3032	
573	0.0000	0.0000	0.0000	0.3032	
574	0.0000	0.0000	0.0000	0.3032	
575	0.0000	0.0000	0.0000	0.3032	
576	0.0000	0.0000	0.0000	0.3032	
577	0.0000	0.0000	0.0000	0.3032	
578	0.0000	0.0000	0.0000	0.3032	
579	0.0000	0.0000	0.0000	0.3032	
580	0.0000	0.0000	0.0000	0.3032	
581	0.0000	0.0000	0.0000	0.3032	
582	0.0000	0.0000	0.0000	0.3032	
583	0.0000	0.0000	0.0000	0.3032	
584	0.0000	0.0000	0.0000	0.3032	
585	0.0000	0.0000	0.0000	0.3032	
586	0.0000	0.0000	0.0000	0.3032	
587	0.0000	0.0000	0.0000	0.3032	
588	0.0000	0.0000	0.0000	0.3032	
589	0.0000	0.0000	0.0000	0.3032	
590	0.0000	0.0000	0.0000	0.3032	
591	0.0000	0.0000	0.0000	0.3032	
592	0.0000	0.0000	0.0000	0.3032	
593	0.0000	0.0000	0.0000	0.3032	
594	0.0000	0.0000	0.0000	0.3032	
595	0.0000	0.0000	0.0000	0.3032	
596	0.0000	0.0000	0.0000	0.3032	
597	0.0000	0.0000	0.0000	0.3032	
598	0.0000	0.0000	0.0000	0.3032	
599	0.0000	0.0000	0.0000	0.3032	
600	0.0000	0.0000	0.0000	0.3032	
601	0.0000	0.0000	0.0000	0.3032	
602	1.0000	0.0000	0.0000	0.3032	
603	1.0000	0.0000	0.0000	0.3032	
604	1.0000	0.0000	0.0000	0.3032	
605	1.0000	0.0000	0.0000	0.3032	
606	1.0000	0.0000	0.0000	0.3032	
607	1.0000	0.0000	0.0000	0.3032	
608	0.0000	0.0000	0.0000	0.3032	
609	0.0000	0.0000	0.0000	0.3032	
610	0.0000	0.0000	0.0000	0.3032	
611	0.0000	0.0000	0.0000	0.3032	
612	0.0000	0.0000	0.0000	0.3032	
613	0.0000	0.0000	0.0000	0.3032	
614	0.0000	0.0000	0.0000	0.3032	
615	0.0000	0.0000	0.0000	0.3032	
616	0.0000	0.0000	0.0000	0.3032	
617	0.0000	0.0000	0.0000	0.3032	
618	0.0000	0.0000	0.0000	0.3032	
619	0.0000	0.0000	0.0000	0.3031	
620	0.0000	0.0000	0.0000	0.3029	
621	0.0000	0.0000	0.0000	0.3026	
622	0.0000	0.0000	0.0000	0.3021	
623	0.0000	0.0000	0.0000	0.3013	
624	0.0000	0.0000	0.0000	0.3003	
625	0.0000	0.0000	0.0000	0.2991	
626	0.0000	0.0000	0.0000	0.2976	
627	0.0000	0.0000	0.0000	0.2960	
628	0.0000	0.0000	0.0000	0.2942	
629	0.0000	0.0000	0.0000	0.2922	
630	0.0000	0.0000	0.0000	0.2902	
631	0.0000	0.0000	0.0000	0.2881	
632	0.0000	0.0000	0.0000	0.2859	
633	0.0000	0.0000	0.0000	0.2838	
634	0.0000	0.0000	0.0000	0.2817	
635	0.0000	0.0000	0.0000	0.2796	
636	0.0000	0.0000	0.0000	0.2775	
637	0.0000	0.0000	0.0000	0.2756	
638	0.0000	0.0000	0.0000	0.2737	
639	0.0000	0.0000	0.0000	0.2719	
640	0.0000	0.0000	0.0000	0.2703	
641	0.0000	0.0000	0.0000	0.2687	
642	0.0000	0.0000	0.0000	0.2673	
643	0.0000	0.0000	0.0000	0.2660	
644	0.0000	0.0000	0.0000	0.2648	
645	0.0000	0.0000	0.0000	0.2638	
646	0.0000	0.0000	0.0000	0.2629	
647	0.0000	0.0000	0.0000	0.2621	
648	0.0000	0.0000	0.0000	0.2615	
649	0.0000	0.0000	0.0000	0.2610	
650	0.0000	0.0000	0.0000	0.2605	
651	0.0000	0.0000	0.0000	0.2602	
652	0.0000	0.0000	0.0000	0.2600	
653	0.0000	0.0000	0.0000	0.2600	
654	0.0000	0.0000	0.0000	0.2600	
655	0.0000	0.0000	0.0000	0.2601	
656	0.0000	0.0000	0.0000	0.2602	
657	0.0000	0.0000	0.0000	0.2605	
658	0.0000	0.0000	0.0000	0.2608	
659	0.0000	0.0000	0.0000	0.2613	
660	0.0000	0.0000	0.0000	0.2617	
661	0.0000	0.0000	0.0000	0.2623	
662	0.0000	0.0000	0.0000	0.2628	
663	0.0000	0.0000	0.0000	0.2635	
664	0.0000	0.0000	0.0000	0.2641	
665	0.0000	0.0000	0.0000	0.2648	
666	0.0000	0.0000	0.0000	0.2656	
667	0.0000	0.0000	0.0000	0.2663	
668	0.0000	0.0000	0.0000	0.2671	
669	0.0000	0.0000	0.0000	0.2680	
670	0.0000	0.0000	0.0000	0.2688	
671	0.0000	0.0000	0.0000	0.2696	
672	0.0000	0.0000	0.0000	0.2705	
673	0.0000	0.0000	0.0000	0.2713	
674	0.0000	0.0000	0.0000	0.2722	
675	0.0000	0.0000	0.0000	0.2731	
676	0.0000	0.0000	0.0000	0.2739	
677	0.0000	0.0000	0.0000	0.2748	
678	0.0000	0.0000	0.0000	0.2757	
679	0.0000	0.0000	0.0000	0.2765	
680	0.0000	0.0000	0.0000	0.2774	
681	0.0000	0.0000	0.0000	0.2782	
682	0.0000	0.0000	0.0000	0.2790	
683	0.0000	0.0000	0.0000	0.2798	
684	0.0000	0.0000	0.0000	0.2806	
685	0.0000	0.0000	0.0000	0.2814	
686	0.0000	0.0000	0.0000	0.2822	
687	0.0000	0.0000	0.0000	0.2829	
688	0.0000	0.0000	0.0000	0.2837	
689	0.0000	0.0000	0.0000	0.2844	
690	0.0000	0.0000	0.0000	0.2851	
691	0.0000	0.0000	0.0000	0.2858	
692	0.0000	0.0000	0.0000	0.2864	
693	0.0000	0.0000	0.0000	0.2871	
694	0.0000	0.0000	0.0000	0.2877	
695	0.0000	0.0000	0.0000	0.2883	
696	0.0000	0.0000	0.0000	0.2889	
697	0.0000	0.0000	0.0000	0.2895	
698	0.0000	0.0000	0.0000	0.2900	
699	0.0000	0.0000	0.0000	0.2905	
700	0.0000	0.0000	0.0000	0.2911	
701	0.0000	0.0000	0.0000	0.2916	
702	0.0000	0.0000	0.0000	0.2920	
703	0.0000	0.0000	0.0000	0.2925	
704	0.0000	0.0000	0.0000	0.2930	
705	0.0000	0.0000	0.0000	0.2934	
706	0.0000	0.0000	0.0000	0.2938	
707	0.0000	0.0000	0.0000	0.2942	
708	0.0000	0.0000	0.0000	0.2946	
709	0.0000	0.0000	0.0000	0.2950	
710	0.0000	0.0000	0.0000	0.2953	
711	0.0000	0.0000	0.0000	0.2957	
712	0.0000	0.0000	0.0000	0.2960	
713	0.0000	0.0000	0.0000	0.2963	
714	0.0000	0.0000	0.0000	0.2966	
715	0.0000	0.0000	0.0000	0.2969	
716	0.0000	0.0000	0.0000	0.2972	
717	0.0000	0.0000	0.0000	0.2975	
718	0.0000	0.0000	0.0000	0.2977	
719	0.0000	0.0000	0.0000	0.2980	
720	0.0000	0.0000	0.0000	0.2982	
721	0.0000	0.0000	0.0000	0.2985	
722	0.0000	0.0000	0.0000	0.2987	
723	0.0000	0.0000	0.0000	0.2989	
724	0.0000	0.0000	0.0000	0.2991	
725	0.0000	0.0000	0.0000	0.2993	
726	0.0000	0.0000	0.0000	0.2994	
727	0.0000	0.0000	0.0000	0.2996	
728	0.0000	0.0000	0.0000	0.2998	
729	0.0000	0.0000	0.0000	0.2999	
730	0.0000	0.0000	0.0000	0.3001	
731	0.0000	0.0000	0.0000	0.3002	
732	0.0000	0.0000	0.0000	0.3004	
733	0.0000	0.0000	0.0000	0.3005	
734	0.0000	0.0000	0.0000	0.3006	
735	0.0000	0.0000	0.0000	0.3008	
736	0.0000	0.0000	0.0000	0.3009	
737	0.0000	0.0000	0.0000	0.3010	
738	0.0000	0.0000	0.0000	0.3011	
739	0.0000	0.0000	0.0000	0.3012	
740	0.0000	0.0000	0.0000	0.3013	
741	0.0000	0.0000	0.0000	0.3014	
742	0.0000	0.0000	0.0000	0.3015	
743	0.0000	0.0000	0.0000	0.3016	
744	0.0000	0.0000	0.0000	0.3016	
745	0.0000	0.0000	0.0000	0.3017	
746	0.0000	0.0000	0.0000	0.3018	
747	0.0000	0.0000	0.0000	0.3018	
748	0.0000	0.0000	0.0000	0.3019	
749	0.0000	0.0000	0.0000	0.3020	
750	0.0000	0.0000	0.0000	0.3020	
751	0.0000	0.0000	0.0000	0.3021	
752	0.0000	0.0000	0.0000	0.3021	
753	0.0000	0.0000	0.0000	0.3022	
754	0.0000	0.0000	0.0000	0.3022	
755	0.0000	0.0000	0.0000	0.3023	
756	0.0000	0.0000	0.0000	0.3023	
757	0.0000	0.0000	0.0000	0.3024	
758	0.0000	0.0000	0.0000	0.3024	
759	0.0000	0.0000	0.0000	0.3025	
760	0.0000	0.0000	0.0000	0.3025	
761	0.0000	0.0000	0.0000	0.3025	
762	0.0000	0.0000	0.0000	0.3026	
763	0.0000	0.0000	0.0000	0.3026	
764	0.0000	0.0000	0.0000	0.3026	
765	0.0000	0.0000	0.0000	0.3026	
766	0.0000	0.0000	0.0000	0.3027	
767	0.0000	0.0000	0.0000	0.3027	
768	0.0000	0.0000	0.0000	0.3027	
769	0.0000	0.0000	0.0000	0.3027	
770	0.0000	0.0000	0.0000	0.3028	
771	0.0000	0.0000	0.0000	0.3028	
772	0.0000	0.0000	0.0000	0.3028	
773	0.0000	0.0000	0.0000	0.3028	
774	0.0000	0.0000	0.0000	0.3028	
775	0.0000	0.0000	0.0000	0.3029	
776	0.0000	0.0000	0.0000	0.3029	
777	0.0000	0.0000	0.0000	0.3029	
778	0.0000	0.0000	0.0000	0.3029	
779	0.0000	0.0000	0.0000	0.3029	
780	0.0000	0.0000	0.0000	0.3029	
781	0.0000	0.0000	0.0000	0.3029	
782	0.0000	0.0000	0.0000	0.3030	
783	0.0000	0.0000	0.0000	0.3030	
784	0.0000	0.0000	0.0000	0.3030	
785	0.0000	0.0000	0.0000	0.3030	
786	0.0000	0.0000	0.0000	0.3030	
787	0.0000	0.0000	0.0000	0.3030	
788	0.0000	0.0000	0.0000	0.3030	
789	0.0000	0.0000	0.0000	0.3030	
790	0.0000	0.0000	0.0000	0.3030	
791	0.0000	0.0000	0.0000	0.3030	
792	0.0000	0.0000	0.0000	0.3030	
793	0.0000	0.0000	0.0000	0.3031	
794	0.0000	0.0000	0.0000	0.3031	
795	0.0000	0.0000	0.0000	0.3031	
796	0.0000	0.0000	0.0000	0.3031	
797	0.0000	0.0000	0.0000	0.3031	
798	0.0000	0.0000	0.0000	0.3031	
799	0.0000	0.0000	0.0000	0.3031	
800	0.0000	0.0000	0.0000	0.3031	
801	0.0000	0.0000	0.0000	0.3031	
802	0.0000	0.0000	0.0000	0.3031	
803	0.0000	0.0000	0.0000	0.3031	
804	0.0000	0.0000	0.0000	0.3031	
805	0.0000	0.0000	0.0000	0.3031	
806	0.0000	0.0000	0.0000	0.3031	
807	0.0000	0.0000	0.0000	0.3031	
808	0.0000	0.0000	0.0000	0.3031	
809	0.0000	0.0000	0.0000	0.3031	
810	0.0000	0.0000	0.0000	0.3031	
811	0.0000	0.0000	0.0000	0.3031	
812	0.0000	0.0000	0.0000	0.3031	
813	0.0000	0.0000	0.0000	0.3031	
814	0.0000	0.0000	0.0000	0.3031	
815	0.0000	0.0000	0.0000	0.3031	
816	0.0000	0.0000	0.0000	0.3031	
817	0.0000	0.0000	0.0000	0.3031	
818	0.0000	0.0000	0.0000	0.3032	
819	0.0000	0.0000	0.0000	0.3032	
820	0.0000	0.0000	0.0000	0.3032	
821	0.0000	0.0000	0.0000	0.3032	
822	0.0000	0.0000	0.0000	0.3032	
823	0.0000	0.0000	0.0000	0.3032	
824	0.0000	0.0000	0.0000	0.3032	
825	0.0000	0.0000	0.0000	0.3032	
826	0.0000	0.0000	0.0000	0.3032	
827	0.0000	0.0000	0.0000	0.3032	
828	0.0000	0.0000	0.0000	0.3032	
829	0.0000	0.0000	0.0000	0.3032	
830	0.0000	0.0000	0.0000	0.3032	
831	0.0000	0.0000	0.0000	0.3032	
832	0.0000	0.0000	0.0000	0.3032	
833	0.0000	0.0000	0.0000	0.3032	
834	0.0000	0.0000	0.0000	0.3032	
835	0.0000	0.0000	0.0000	0.3032	
836	0.0000	0.0000	0.0000	0.3032	
837	0.0000	0.0000	0.0000	0.3032	
838	0.0000	0.0000	0.0000	0.3032	
839	0.0000	0.0000	0.0000	0.3032	
840	0.0000	0.0000	0.0000	0.3032	
841	0.0000	0.0000	0.0000	0.3032	
842	0.0000	0.0000	0.0000	0.3032	
843	0.0000	0.0000	0.0000	0.3032	
844	0.0000	0.0000	0.0000	0.3032	
845	0.0000	0.0000	0.0000	0.3032	
846	0.0000	0.0000	0.0000	0.3032	
847	0.0000	0.0000	0.0000	0.3032	
848	0.0000	0.0000	0.0000	0.3032	
849	0.0000	0.0000	0.0000	0.3032	
850	0.0000	0.0000	0.0000	0.3032	
851	0.0000	0.0000	0.0000	0.3032	
852	0.0000	0.0000	0.0000	0.3032	
853	0.0000	0.0000	0.0000	0.3032	
854	0.0000	0.0000	0.0000	0.3032	
855	0.0000	0.0000	0.0000	0.3032	
856	0.0000	0.0000	0.0000	0.3032	
857	0.0000	0.0000	0.0000	0.3032	
858	0.0000	0.0000	0.0000	0.3032	
859	0.0000	0.0000	0.0000	0.3032	
860	0.0000	0.0000	0.0000	0.3032	
861	0.0000	0.0000	0.0000	0.3032	
862	0.0000	0.0000	0.0000	0.3032	
863	0.0000	0.0000	0.0000	0.3032	
864	0.0000	0.0000	0.0000	0.3032	
865	0.0000	0.0000	0.0000	0.3032	
866	0.0000	0.0000	0.0000	0.3032	
867	0.0000	0.0000	0.0000	0.3032	
868	0.0000	0.0000	0.0000	0.3032	
869	0.0000	0.0000	0.0000	0.3032	
870	0.0000	0.0000	0.0000	0.3032	
871	0.0000	0.0000	0.0000	0.3032	
872	0.0000	0.0000	0.0000	0.3032	
873	0.0000	0.0000	0.0000	0.3032	
874	0.0000	0.0000	0.0000	0.3032	
875	0.0000	0.0000	0.0000	0.3032	
876	0.0000	0.0000	0.0000	0.3032	
877	0.0000	0.0000	0.0000	0.3032	
878	0.0000	0.0000	0.0000	0.3032	
879	0.0000	0.0000	0.0000	0.3032	
880	0.0000	0.0000	0.0000	0.3032	
881	0.0000	0.0000	0.0000	0.3032	
882	0.0000	0.0000	0.0000	0.3032	
883	0.0000	0.0000	0.0000	0.3032	
884	0.0000	0.0000	0.0000	0.3032	
885	0.0000	0.0000	0.0000	0.3032	
886	0.0000	0.0000	0.0000	0.3032	
887	0.0000	0.0000	0.0000	0.3032	
888	0.0000	0.0000	0.0000	0.3032	
889	0.0000	0.0000	0.0000	0.3032	
890	0.0000	0.0000	0.0000	0.3032	
891	0.0000	0.0000	0.0000	0.3032	
892	0.0000	0.0000	0.0000	0.3032	
893	0.0000	0.0000	0.0000	0.3032	
894	0.0000	0.0000	0.0000	0.3032	
895	0.0000	0.0000	0.0000	0.3032	
896	0.0000	0.0000	0.0000	0.3032	
897	0.0000	0.0000	0.0000	0.3032	
898	0.0000	0.0000	0.0000	0.3032	
899	0.0000	0.0000	0.0000	0.3032	
900	0.0000	0.0000	0.0000	0.3032	
901	0.0000	0.0000	0.0000	0.3032	
902	1.0000	0.0000	0.0000	0.3032	
903	1.0000	0.0000	0.0000	0.3032	
904	1.0000	0.0000	0.0000	0.3032	
905	1.0000	0.0000	0.0000	0.3032	
906	1.0000	0.0000	0.0000	0.3032	
907	1.0000	0.0000	0.0000	0.3032	
908	0.0000	0.0000	0.0000	0.3032	
909	0.0000	0.0000	0.0000	0.3032	
910	0.0000	0.0000	0.0000	0.3032	
911	0.0000	0.0000	0.0000	0.3032	
912	0.0000	0.0000	0.0000	0.3032	
913	0.0000	0.0000	0.0000	0.3032	
914	0.0000	0.0000	0.0000	0.3032	
915	0.0000	0.0000	0.0000	0.3032	
916	0.0000	0.0000	0.0000	0.3032	
917	0.0000	0.0000	0.0000	0.3032	
918	0.0000	0.0000	0.0000	0.3032	
919	0.0000	0.0000	0.0000	0.3031	
920	0.0000	0.0000	0.0000	0.3029	
921	0.0000	0.0000	0.0000	0.3026	
922	0.0000	0.0000	0.0000	0.3021	
923	0.0000	0.0000	0.0000	0.3013	
924	0.0000	0.0000	0.0000	0.3003	
925	0.0000	0.0000	0.0000	0.2991	
926	0.0000	0.0000	0.0000	0.2976	
927	0.0000	0.0000	0.0000	0.2960	
928	0.0000	0.0000	0.0000	0.2942	
929	0.0000	0.0000	0.0000	0.2922	
930	0.0000	0.0000	0.0000	0.2902	
931	0.0000	0.0000	0.0000	0.2881	
932	0.0000	0.0000	0.0000	0.2859	
933	0.0000	0.0000	0.0000	0.2838	
934	0.0000	0.0000	0.0000	0.2817	
935	0.0000	0.0000	0.0000	0.2796	
936	0.0000	0.0000	0.0000	0.2775	
937	0.0000	0.0000	0.0000	0.2756	
938	0.0000	0.0000	0.0000	0.2737	
939	0.0000	0.0000	0.0000	0.2719	
940	0.0000	0.0000	0.0000	0.2703	
941	0.0000	0.0000	0.0000	0.2687	
942	0.0000	0.0000	0.0000	0.2673	
943	0.0000	0.0000	0.0000	0.2660	
944	0.0000	0.0000	0.0000	0.2648	
945	0.0000	0.0000	0.0000	0.2638	
946	0.0000	0.0000	0.0000	0.2629	
947	0.0000	0.0000	0.0000	0.2621	
948	0.0000	0.0000	0.0000	0.2615	
949	0.0000	0.0000	0.0000	0.2610	
950	0.0000	0.0000	0.0000	0.2605	
951	0.0000	0.0000	0.0000	0.2602	
952	0.0000	0.0000	0.0000	0.2600	
953	0.0000	0.0000	0.0000	0.2600	
954	0.0000	0.0000	0.0000	0.2600	
955	0.0000	0.0000	0.0000	0.2601	
956	0.0000	0.0000	0.0000	0.2602	
957	0.0000	0.0000	0.0000	0.2605	
958	0.0000	0.0000	0.0000	0.2608	
959	0.0000	0.0000	0.0000	0.2613	
960	0.0000	0.0000	0.0000	0.2617	
961	0.0000	0.0000	0.0000	0.2623	
962	0.0000	0.0000	0.0000	0.2628	
963	0.0000	0.0000	0.0000	0.2635	
964	0.0000	0.0000	0.0000	0.2641	
965	0.0000	0.0000	0.0000	0.2648	
966	0.0000	0.0000	0.0000	0.2656	
967	0.0000	0.0000	0.0000	0.2663	
968	0.0000	0.0000	0.0000	0.2671	
969	0.0000	0.0000	0.0000	0.2680	
970	0.0000	0.0000	0.0000	0.2688	
971	0.0000	0.0000	0.0000	0.2696	
972	0.0000	0.0000	0.0000	0.2705	
973	0.0000	0.0000	0.0000	0.2713	
974	0.0000	0.0000	0.0000	0.2722	
975	0.0000	0.0000	0.0000	0.2731	
976	0.0000	0.0000	0.0000	0.2739	
977	0.0000	0.0000	0.0000	0.2748	
978	0.0000	0.0000	0.0000	0.2757	
979	0.0000	0.0000	0.0000	0.2765	
980	0.0000	0.0000	0.0000	0.2774	
981	0.0000	0.0000	0.0000	0.2782	
982	0.0000	0.0000	0.0000	0.2790	
983	0.0000	0.0000	0.0000	0.2798	
984	0.0000	0.0000	0.0000	0.2806	
985	0.0000	0.0000	0.0000	0.2814	
986	0.0000	0.0000	0.0000	0.2822	
987	0.0000	0.0000	0.0000	0.2829	
988	0.0000	0.0000	0.0000	0.2837	
989	0.0000	0.0000	0.0000	0.2844	
990	0.0000	0.0000	0.0000	0.2851	
991	0.0000	0.0000	0.0000	0.2858	
992	0.0000	0.0000	0.0000	0.2864	
993	0.0000	0.0000	0.0000	0.2871	
994	0.0000	0.0000	0.0000	0.2877	
995	0.0000	0.0000	0.0000	0.2883	
996	0.0000	0.0000	0.0000	0.2889	
997	0.0000	0.0000	0.0000	0.2895	
998	0.0000	0.0000	0.0000	0.2900	
999	0.0000	0.0000	0.0000	0.2905	
1000	0.0000	0.0000	0.0000	0.2911	
1001	0.0000	0.0000	0.0000	0.2916	
1002	0.0000	0.0000	0.0000	0.2920	
1003	0.0000	0.0000	0.0000	0.2925	
1004	0.0000	0.0000	0.0000	0.2930	
1005	0.0000	0.0000	0.0000	0.2934	
1006	0.0000	0.0000	0.0000	0.2938	
1007	0.0000	0.0000	0.0000	0.2942	
1008	0.0000	0.0000	0.0000	0.2946	
1009	0.0000	0.0000	0.0000	0.2950	
1010	0.0000	0.0000	0.0000	0.2953	
1011	0.0000	0.0000	0.0000	0.2957	
1012	0.0000	0.0000	0.0000	0.2960	
1013	0.0000	0.0000	0.0000	0.2963	
1014	0.0000	0.0000	0.0000	0.2966	
1015	0.0000	0.0000	0.0000	0.2969	
1016	0.0000	0.0000	0.0000	0.2972	
1017	0.0000	0.0000	0.0000	0.2975	
1018	0.0000	0.0000	0.0000	0.2977	
1019	0.0000	0.0000	0.0000	0.2980	
1020	0.0000	0.0000	0.0000	0.2982	
1021	0.0000	0.0000	0.0000	0.2985	
1022	0.0000	0.0000	0.0000	0.2987	
1023	0.0000	0.0000	0.0000	0.2989	
1024	0.0000	0.0000	0.0000	0.2991	
1025	0.0000	0.0000	0.0000	0.2993	
1026	0.0000	0.0000	0.0000	0.2994	
1027	0.0000	0.0000	0.0000	0.2996	
1028	0.0000	0.0000	0.0000	0.2998	
1029	0.0000	0.0000	0.0000	0.2999	
1030	0.0000	0.0000	0.0000	0.3001	
1031	0.0000	0.0000	0.0000	0.3002	
1032	0.0000	0.0000	0.0000	0.3004	
1033	0.0000	0.0000	0.0000	0.3005	
1034	0.0000	0.0000	0.0000	0.3006	
1035	0.0000	0.0000	0.0000	0.3008	
1036	0.0000	0.0000	0.0000	0.3009	
1037	0.0000	0.0000	0.0000	0.3010	
1038	0.0000	0.0000	0.0000	0.3011	
1039	0.0000	0.0000	0.0000	0.3012	
1040	0.0000	0.0000	0.0000	0.3013	
1041	0.0000	0.0000	0.0000	0.3014	
1042	0.0000	0.0000	0.0000	0.3015	
1043	0.0000	0.0000	0.0000	0.3016	
1044	0.0000	0.0000	0.0000	0.3016	
1045	0.0000	0.0000	0.0000	0.3017	
1046	0.0000	0.0000	0.0000	0.3018	
1047	0.0000	0.0000	0.0000	0.3018	
1048	0.0000	0.0000	0.0000	0.3019	
1049	0.0000	0.0000	0.0000	0.3020	
1050	0.0000	0.0000	0.0000	0.3020	
1051	0.0000	0.0000	0.0000	0.3021	
1052	0.0000	0.0000	0.0000	0.3021	
1053	0.0000	0.0000	0.0000	0.3022	
1054	0.0000	0.0000	0.0000	0.3022	
1055	0.0000	0.0000	0.0000	0.3023	
1056	0.0000	0.0000	0.0000	0.3023	
1057	0.0000	0.0000	0.0000	0.3024	
1058	0.0000	0.0000	0.0000	0.3024	
1059	0.0000	0.0000	0.0000	0.3025	
1060	0.0000	0.0000	0.0000	0.3025	
1061	0.0000	0.0000	0.0000	0.3025	
1062	0.0000	0.0000	0.0000	0.3026	
1063	0.0000	0.0000	0.0000	0.3026	
1064	0.0000	0.0000	0.0000	0.3026	
1065	0.0000	0.0000	0.0000	0.3026	
1066	0.0000	0.0000	0.0000	0.3027	
1067	0.0000	0.0000	0.0000	0.3027	
1068	0.0000	0.0000	0.0000	0.3027	
1069	0.0000	0.0000	0.0000	0.3027	
1070	0.0000	0.0000	0.0000	0.3028	
1071	0.0000	0.0000	0.0000	0.3028	
1072	0.0000	0.0000	0.0000	0.3028	
1073	0.0000	0.0000	0.0000	0.3028	
1074	0.0000	0.0000	0.0000	0.3028	
1075	0.0000	0.0000	0.0000	0.3029	
1076	0.0000	0.0000	0.0000	0.3029	
1077	0.0000	0.0000	0.0000	0.3029	
1078	0.0000	0.0000	0.0000	0.3029	
1079	0.0000	0.0000	0.0000	0.3029	
1080	0.0000	0.0000	0.0000	0.3029	
1081	0.0000	0.0000	0.0000	0.3029	
1082	0.0000	0.0000	0.0000	0.3030	
1083	0.0000	0.0000	0.0000	0.3030	
1084	0.0000	0.0000	0.0000	0.3030	
1085	0.0000	0.0000	0.0000	0.3030	
1086	0.0000	0.0000	0.0000	0.3030	
1087	0.0000	0.0000	0.0000	0.3030	
1088	0.0000	0.0000	0.0000	0.3030	
1089	0.0000	0.0000	0.0000	0.3030	
1090	0.0000	0.0000	0.0000	0.3030	
1091	0.0000	0.0000	0.0000	0.3030	
1092	0.0000	0.0000	0.0000	0.3030	
1093	0.0000	0.0000	0.0000	0.3031	
1094	0.0000	0.0000	0.0000	0.3031	
1095	0.0000	0.0000	0.0000	0.3031	
1096	0.0000	0.0000	0.0000	0.3031	
1097	0.0000	0.0000	0.0000	0.3031	
1098	0.0000	0.0000	0.0000	0.3031	
1099	0.0000	0.0000	0.0000	0.3031	
1100	0.0000	0.0000	0.0000	0.3031	
1101	0.0000	0.0000	0.0000	0.3031	
1102	0.0000	0.0000	0.0000	0.3031	
1103	0.0000	0.0000	0.0000	0.3031	
1104	0.0000	0.0000	0.0000	0.3031	
1105	0.0000	0.0000	0.0000	0.3031	
1106	0.0000	0.0000	0.0000	0.3031	
1107	0.0000	0.0000	0.0000	0.3031	
1108	0.0000	0.0000	0.0000	0.3031	
1109	0.0000	0.0000	0.0000	0.3031	
1110	0.0000	0.0000	0.0000	0.3031	
1111	0.0000	0.0000	0.0000	0.3031	
1112	0.0000	0.0000	0.0000	0.3031	
1113	0.0000	0.0000	0.0000	0.3031	
1114	0.0000	0.0000	0.0000	0.3031	
1115	0.0000	0.0000	0.0000	0.3031	
1116	0.0000	0.0000	0.0000	0.3031	
1117	0.0000	0.0000	0.0000	0.3031	
1118	0.0000	0.0000	0.0000	0.3032	
1119	0.0000	0.0000	0.0000	0.3032	
1120	0.0000	0.0000	0.0000	0.3032	
1121	0.0000	0.0000	0.0000	0.3032	
1122	0.0000	0.0000	0.0000	0.3032	
1123	0.0000	0.0000	0.0000	0.3032	
1124	0.0000	0.0000	0.0000	0.3032	
1125	0.0000	0.0000	0.0000	0.3032	
1126	0.0000	0.0000	0.0000	0.3032	
1127	0.0000	0.0000	0.0000	0.3032	
1128	0.0000	0.0000	0.0000	0.3032	
1129	0.0000	0.0000	0.0000	0.3032	
1130	0.0000	0.0000	0.0000	0.3032	
1131	0.0000	0.0000	0.0000	0.3032	
1132	0.0000	0.0000	0.0000	0.3032	
1133	0.0000	0.0000	0.0000	0.3032	
1134	0.0000	0.0000	0.0000	0.3032	
1135	0.0000	0.0000	0.0000	0.3032	
1136	0.0000	0.0000	0.0000	0.3032	
1137	0.0000	0.0000	0.0000	0.3032	
1138	0.0000	0.0000	0.0000	0.3032	
1139	0.0000	0.0000	0.0000	0.3032	
