T/1	Light/1	Pupil/3			
0	0.0000	0.0000	0.0000	0.0000	
1	0.5000	0.0000	0.0000	0.0200	
2	1.5000	0.0000	0.0000	0.0380	
3	1.5000	0.0000	0.0000	0.0542	
4	1.5000	0.0000	0.0000	0.0688	
5	1.5000	0.0000	0.0000	0.0819	
6	1.5000	0.0000	0.0000	0.0937	
7	1.5000	0.0000	0.0000	0.1043	
8	0.5000	0.0000	0.0000	0.1139	
9	0.5000	0.0000	0.0000	0.1225	
10	0.5000	0.0000	0.0000	0.1303	
11	0.5000	0.0000	0.0000	0.1372	
12	0.5000	0.0000	0.0000	0.1435	
13	0.5000	0.0000	0.0000	0.1492	
14	0.5000	0.0000	0.0000	0.1542	
15	0.5000	0.0000	0.0000	0.1596	
16	0.5000	0.0000	0.0000	0.1655	
17	0.5000	0.0000	0.0000	0.1723	
18	0.5000	0.0000	0.0000	0.1798	
19	0.5000	0.0000	0.0000	0.1879	
20	0.5000	0.0000	0.0000	0.1966	
21	0.5000	0.0000	0.0000	0.2055	
22	0.5000	0.0000	0.0000	0.2145	
23	0.5000	0.0000	0.0000	0.2234	
24	0.5000	0.0000	0.0000	0.2319	
25	0.5000	0.0000	0.0000	0.2401	
26	0.5000	0.0000	0.0000	0.2477	
27	0.5000	0.0000	0.0000	0.2549	
28	0.5000	0.0000	0.0000	0.2614	
29	0.5000	0.0000	0.0000	0.2674	
30	0.5000	0.0000	0.0000	0.2729	
31	0.5000	0.0000	0.0000	0.2778	
32	0.5000	0.0000	0.0000	0.2822	
33	0.5000	0.0000	0.0000	0.2861	
34	0.5000	0.0000	0.0000	0.2896	
35	0.5000	0.0000	0.0000	0.2926	
36	0.5000	0.0000	0.0000	0.2953	
37	0.5000	0.0000	0.0000	0.2976	
38	0.5000	0.0000	0.0000	0.2996	
39	0.5000	0.0000	0.0000	0.3013	
40	0.5000	0.0000	0.0000	0.3028	
41	0.5000	0.0000	0.0000	0.3041	
42	0.5000	0.0000	0.0000	0.3051	
43	0.5000	0.0000	0.0000	0.3060	
44	0.5000	0.0000	0.0000	0.3067	
45	0.5000	0.0000	0.0000	0.3072	
46	0.5000	0.0000	0.0000	0.3077	
47	0.5000	0.0000	0.0000	0.3080	
48	0.5000	0.0000	0.0000	0.3083	
49	0.5000	0.0000	0.0000	0.3084	
50	0.5000	0.0000	0.0000	0.3085	
51	0.5000	0.0000	0.0000	0.3086	
52	0.5000	0.0000	0.0000	0.3086	
53	0.5000	0.0000	0.0000	0.3085	
54	0.5000	0.0000	0.0000	0.3085	
55	0.5000	0.0000	0.0000	0.3084	
56	0.5000	0.0000	0.0000	0.3082	
57	0.5000	0.0000	0.0000	0.3081	
58	0.5000	0.0000	0.0000	0.3079	
59	0.5000	0.0000	0.0000	0.3078	
60	0.5000	0.0000	0.0000	0.3076	
61	0.5000	0.0000	0.0000	0.3074	
62	0.5000	0.0000	0.0000	0.3072	
63	0.4697	0.0000	0.0000	0.3070	
64	0.4515	0.0000	0.0000	0.3069	
65	0.4333	0.0000	0.0000	0.3067	
66	0.3909	0.0000	0.0000	0.3065	
67	0.3182	0.0000	0.0000	0.3063	
68	0.2030	0.0000	0.0000	0.3061	
69	0.0636	0.0000	0.0000	0.3060	
70	0.0000	0.0000	0.0000	0.3058	
71	0.0000	0.0000	0.0000	0.3057	
72	0.0000	0.0000	0.0000	0.3055	
73	0.0000	0.0000	0.0000	0.3054	
74	0.0000	0.0000	0.0000	0.3052	
75	0.0000	0.0000	0.0000	0.3051	
76	0.0000	0.0000	0.0000	0.3050	
77	0.0000	0.0000	0.0000	0.3049	
78	0.0000	0.0000	0.0000	0.3048	
79	0.0000	0.0000	0.0000	0.3047	
80	0.0000	0.0000	0.0000	0.3046	
81	0.0000	0.0000	0.0000	0.3045	
82	0.0000	0.0000	0.0000	0.3044	
83	0.0000	0.0000	0.0000	0.3043	
84	0.0000	0.0000	0.0000	0.3042	
85	0.0000	0.0000	0.0000	0.3042	
86	0.0000	0.0000	0.0000	0.3041	
87	0.0000	0.0000	0.0000	0.3040	
88	0.0000	0.0000	0.0000	0.3040	
89	0.0000	0.0000	0.0000	0.3040	
90	0.0000	0.0000	0.0000	0.3040	
91	0.0000	0.0000	0.0000	0.3040	
92	0.0000	0.0000	0.0000	0.3041	
93	0.0000	0.0000	0.0000	0.3042	
94	0.0000	0.0000	0.0000	0.3044	
95	0.0000	0.0000	0.0000	0.3047	
96	0.0000	0.0000	0.0000	0.3051	
97	0.0000	0.0000	0.0000	0.3055	
98	0.0000	0.0000	0.0000	0.3060	
99	0.0000	0.0000	0.0000	0.3066	
100	0.0000	0.0000	0.0000	0.3073	
101	0.0000	0.0000	0.0000	0.3081	
102	0.0000	0.0000	0.0000	0.3089	
103	0.0000	0.0000	0.0000	0.3099	
104	0.0000	0.0000	0.0000	0.3109	
105	0.0000	0.0000	0.0000	0.3120	
106	0.0000	0.0000	0.0000	0.3132	
107	0.0000	0.0000	0.0000	0.3145	
108	0.0000	0.0000	0.0000	0.3159	
109	0.0000	0.0000	0.0000	0.3173	
110	0.0000	0.0000	0.0000	0.3187	
111	0.0000	0.0000	0.0000	0.3203	
112	0.0000	0.0000	0.0000	0.3219	
113	0.0000	0.0000	0.0000	0.3235	
114	0.0000	0.0000	0.0000	0.3252	
115	0.0000	0.0000	0.0000	0.3269	
116	0.0000	0.0000	0.0000	0.3287	
117	0.0000	0.0000	0.0000	0.3305	
118	0.0000	0.0000	0.0000	0.3323	
119	0.0000	0.0000	0.0000	0.3341	
120	0.0000	0.0000	0.0000	0.3360	
121	0.0000	0.0000	0.0000	0.3379	
122	0.0000	0.0000	0.0000	0.3397	
123	0.0000	0.0000	0.0000	0.3416	
124	0.0000	0.0000	0.0000	0.3435	
125	0.0000	0.0000	0.0000	0.3453	
126	0.0000	0.0000	0.0000	0.3472	
127	0.0000	0.0000	0.0000	0.3490	
128	0.0000	0.0000	0.0000	0.3508	
129	0.0000	0.0000	0.0000	0.3526	
130	0.0000	0.0000	0.0000	0.3544	
131	0.0000	0.0000	0.0000	0.3562	
132	0.0000	0.0000	0.0000	0.3579	
133	0.0000	0.0000	0.0000	0.3596	
134	0.0000	0.0000	0.0000	0.3613	
135	0.0000	0.0000	0.0000	0.3630	
136	0.0000	0.0000	0.0000	0.3646	
137	0.0000	0.0000	0.0000	0.3662	
138	0.0000	0.0000	0.0000	0.3677	
139	0.0000	0.0000	0.0000	0.3692	
140	0.0000	0.0000	0.0000	0.3707	
141	0.0000	0.0000	0.0000	0.3722	
142	0.0000	0.0000	0.0000	0.3736	
143	0.0000	0.0000	0.0000	0.3749	
144	0.0000	0.0000	0.0000	0.3763	
145	0.0000	0.0000	0.0000	0.3776	
146	0.0000	0.0000	0.0000	0.3788	
147	0.0000	0.0000	0.0000	0.3801	
148	0.0000	0.0000	0.0000	0.3812	
149	0.0000	0.0000	0.0000	0.3824	
150	0.0000	0.0000	0.0000	0.3835	
151	0.0000	0.0000	0.0000	0.3846	
152	0.0000	0.0000	0.0000	0.3856	
153	0.0000	0.0000	0.0000	0.3866	
154	0.0000	0.0000	0.0000	0.3876	
155	0.0000	0.0000	0.0000	0.3885	
156	0.0000	0.0000	0.0000	0.3894	
157	0.0000	0.0000	0.0000	0.3903	
158	0.0000	0.0000	0.0000	0.3911	
159	0.0000	0.0000	0.0000	0.3920	
160	0.0000	0.0000	0.0000	0.3927	
161	0.0000	0.0000	0.0000	0.3935	
162	0.0000	0.0000	0.0000	0.3942	
163	0.0000	0.0000	0.0000	0.3949	
164	0.0000	0.0000	0.0000	0.3956	
165	0.0000	0.0000	0.0000	0.3962	
166	0.0000	0.0000	0.0000	0.3968	
167	0.0000	0.0000	0.0000	0.3974	
168	0.0000	0.0000	0.0000	0.3980	
169	0.0000	0.0000	0.0000	0.3985	
170	0.0000	0.0000	0.0000	0.3990	
171	0.0000	0.0000	0.0000	0.3995	
172	0.0000	0.0000	0.0000	0.4000	
173	0.0000	0.0000	0.0000	0.4005	
174	0.0000	0.0000	0.0000	0.4009	
175	0.0000	0.0000	0.0000	0.4013	
176	0.0000	0.0000	0.0000	0.4017	
177	0.0000	0.0000	0.0000	0.4021	
178	0.0000	0.0000	0.0000	0.4025	
179	0.0000	0.0000	0.0000	0.4029	
180	0.0000	0.0000	0.0000	0.4032	
181	0.0000	0.0000	0.0000	0.4035	
182	0.0000	0.0000	0.0000	0.4038	
183	0.0000	0.0000	0.0000	0.4041	
184	0.0000	0.0000	0.0000	0.4044	
185	0.0000	0.0000	0.0000	0.4047	
186	0.0000	0.0000	0.0000	0.4049	
187	0.0000	0.0000	0.0000	0.4052	
188	0.0000	0.0000	0.0000	0.4054	
189	0.0000	0.0000	0.0000	0.4056	
190	0.0000	0.0000	0.0000	0.4058	
191	0.0000	0.0000	0.0000	0.4060	
192	0.0000	0.0000	0.0000	0.4062	
193	0.0000	0.0000	0.0000	0.4064	
194	0.0000	0.0000	0.0000	0.4066	
195	0.0000	0.0000	0.0000	0.4068	
196	0.0000	0.0000	0.0000	0.4069	
197	0.0000	0.0000	0.0000	0.4071	
198	0.0000	0.0000	0.0000	0.4072	
199	0.0000	0.0000	0.0000	0.4074	
200	0.0000	0.0000	0.0000	0.4075	
201	0.0000	0.0000	0.0000	0.4076	
202	0.0000	0.0000	0.0000	0.4077	
203	0.0000	0.0000	0.0000	0.4079	
204	0.0000	0.0000	0.0000	0.4080	
205	0.0000	0.0000	0.0000	0.4081	
206	0.0000	0.0000	0.0000	0.4082	
207	0.0000	0.0000	0.0000	0.4083	
208	0.0000	0.0000	0.0000	0.4084	
209	0.0000	0.0000	0.0000	0.4084	
210	0.0000	0.0000	0.0000	0.4085	
211	0.0000	0.0000	0.0000	0.4086	
212	0.0000	0.0000	0.0000	0.4087	
213	0.0000	0.0000	0.0000	0.4087	
214	0.0000	0.0000	0.0000	0.4088	
215	0.0000	0.0000	0.0000	0.4089	
216	0.0000	0.0000	0.0000	0.4089	
217	0.0000	0.0000	0.0000	0.4090	
218	0.0000	0.0000	0.0000	0.4090	
219	0.0000	0.0000	0.0000	0.4091	
220	0.0000	0.0000	0.0000	0.4091	
221	0.0000	0.0000	0.0000	0.4092	
222	0.0000	0.0000	0.0000	0.4092	
223	0.0000	0.0000	0.0000	0.4093	
224	0.0000	0.0000	0.0000	0.4093	
225	0.0000	0.0000	0.0000	0.4094	
226	0.0000	0.0000	0.0000	0.4094	
227	0.0000	0.0000	0.0000	0.4094	
228	0.0000	0.0000	0.0000	0.4095	
229	0.0000	0.0000	0.0000	0.4095	
230	0.0000	0.0000	0.0000	0.4095	
231	0.0000	0.0000	0.0000	0.4096	
232	0.0000	0.0000	0.0000	0.4096	
233	0.0000	0.0000	0.0000	0.4096	
234	0.0000	0.0000	0.0000	0.4096	
235	0.0000	0.0000	0.0000	0.4097	
236	0.0000	0.0000	0.0000	0.4097	
237	0.0000	0.0000	0.0000	0.4097	
238	0.0000	0.0000	0.0000	0.4097	
239	0.0000	0.0000	0.0000	0.4097	
240	0.0000	0.0000	0.0000	0.4098	
241	0.0000	0.0000	0.0000	0.4098	
242	0.0000	0.0000	0.0000	0.4098	
243	0.0000	0.0000	0.0000	0.4098	
244	0.0000	0.0000	0.0000	0.4098	
245	0.0000	0.0000	0.0000	0.4098	
246	0.0000	0.0000	0.0000	0.4098	
247	0.0000	0.0000	0.0000	0.4099	
248	0.0000	0.0000	0.0000	0.4099	
249	0.0000	0.0000	0.0000	0.4099	
250	0.0000	0.0000	0.0000	0.4099	
251	0.0000	0.0000	0.0000	0.4099	
252	0.0000	0.0000	0.0000	0.4099	
253	0.0000	0.0000	0.0000	0.4099	
254	0.0000	0.0000	0.0000	0.4099	
255	0.0000	0.0000	0.0000	0.4099	
256	0.0000	0.0000	0.0000	0.4099	
257	0.0000	0.0000	0.0000	0.4100	
258	0.0000	0.0000	0.0000	0.4100	
259	0.0000	0.0000	0.0000	0.4100	
260	0.0000	0.0000	0.0000	0.4100	
261	0.0000	0.0000	0.0000	0.4100	
262	0.0000	0.0000	0.0000	0.4100	
263	0.0000	0.0000	0.0000	0.4100	
264	0.0000	0.0000	0.0000	0.4100	
265	0.0000	0.0000	0.0000	0.4100	
266	0.0000	0.0000	0.0000	0.4100	
267	0.0000	0.0000	0.0000	0.4100	
268	0.0000	0.0000	0.0000	0.4100	
269	0.0000	0.0000	0.0000	0.4100	
270	0.0000	0.0000	0.0000	0.4100	
271	0.0000	0.0000	0.0000	0.4100	
272	0.0000	0.0000	0.0000	0.4100	
273	0.0000	0.0000	0.0000	0.4100	
274	0.0000	0.0000	0.0000	0.4100	
275	0.0000	0.0000	0.0000	0.4100	
276	0.0000	0.0000	0.0000	0.4100	
277	0.0000	0.0000	0.0000	0.4100	
278	0.0000	0.0000	0.0000	0.4100	
279	0.0000	0.0000	0.0000	0.4101	
280	0.0000	0.0000	0.0000	0.4101	
281	0.0000	0.0000	0.0000	0.4101	
282	0.0000	0.0000	0.0000	0.4101	
283	0.0000	0.0000	0.0000	0.4101	
284	0.0000	0.0000	0.0000	0.4101	
285	0.0000	0.0000	0.0000	0.4101	
286	0.0000	0.0000	0.0000	0.4101	
287	0.0000	0.0000	0.0000	0.4101	
288	0.0000	0.0000	0.0000	0.4101	
289	0.0000	0.0000	0.0000	0.4101	
290	0.0000	0.0000	0.0000	0.4101	
291	0.0000	0.0000	0.0000	0.4101	
292	0.0000	0.0000	0.0000	0.4101	
293	0.0000	0.0000	0.0000	0.4101	
294	0.0000	0.0000	0.0000	0.4101	
295	0.0000	0.0000	0.0000	0.4101	
296	0.0000	0.0000	0.0000	0.4101	
297	0.0000	0.0000	0.0000	0.4101	
298	0.0000	0.0000	0.0000	0.4101	
299	0.0000	0.0000	0.0000	0.4101	
300	0.0000	0.0000	0.0000	0.4101	
301	0.0000	0.0000	0.0000	0.4101	
302	1.0000	0.0000	0.0000	0.4101	
303	1.0000	0.0000	0.0000	0.4101	
304	1.0000	0.0000	0.0000	0.4101	
305	1.0000	0.0000	0.0000	0.4101	
306	1.0000	0.0000	0.0000	0.4101	
307	1.0000	0.0000	0.0000	0.4101	
308	0.0000	0.0000	0.0000	0.4101	
309	0.0000	0.0000	0.0000	0.4101	
310	0.0000	0.0000	0.0000	0.4101	
311	0.0000	0.0000	0.0000	0.4101	
312	0.0000	0.0000	0.0000	0.4101	
313	0.0000	0.0000	0.0000	0.4101	
314	0.0000	0.0000	0.0000	0.4101	
315	0.0000	0.0000	0.0000	0.4101	
316	0.0000	0.0000	0.0000	0.4101	
317	0.0000	0.0000	0.0000	0.4101	
318	0.0000	0.0000	0.0000	0.4101	
319	0.0000	0.0000	0.0000	0.4100	
320	0.0000	0.0000	0.0000	0.4099	
321	0.0000	0.0000	0.0000	0.4096	
322	0.0000	0.0000	0.0000	0.4092	
323	0.0000	0.0000	0.0000	0.4087	
324	0.0000	0.0000	0.0000	0.4079	
325	0.0000	0.0000	0.0000	0.4070	
326	0.0000	0.0000	0.0000	0.4059	
327	0.0000	0.0000	0.0000	0.4046	
328	0.0000	0.0000	0.0000	0.4032	
329	0.0000	0.0000	0.0000	0.4017	
330	0.0000	0.0000	0.0000	0.4001	
331	0.0000	0.0000	0.0000	0.3984	
332	0.0000	0.0000	0.0000	0.3968	
333	0.0000	0.0000	0.0000	0.3951	
334	0.0000	0.0000	0.0000	0.3934	
335	0.0000	0.0000	0.0000	0.3917	
336	0.0000	0.0000	0.0000	0.3901	
337	0.0000	0.0000	0.0000	0.3885	
338	0.0000	0.0000	0.0000	0.3870	
339	0.0000	0.0000	0.0000	0.3856	
340	0.0000	0.0000	0.0000	0.3843	
341	0.0000	0.0000	0.0000	0.3830	
342	0.0000	0.0000	0.0000	0.3819	
343	0.0000	0.0000	0.0000	0.3809	
344	0.0000	0.0000	0.0000	0.3799	
345	0.0000	0.0000	0.0000	0.3791	
346	0.0000	0.0000	0.0000	0.3784	
347	0.0000	0.0000	0.0000	0.3778	
348	0.0000	0.0000	0.0000	0.3773	
349	0.0000	0.0000	0.0000	0.3769	
350	0.0000	0.0000	0.0000	0.3766	
351	0.0000	0.0000	0.0000	0.3763	
352	0.0000	0.0000	0.0000	0.3762	
353	0.0000	0.0000	0.0000	0.3761	
354	0.0000	0.0000	0.0000	0.3762	
355	0.0000	0.0000	0.0000	0.3763	
356	0.0000	0.0000	0.0000	0.3764	
357	0.0000	0.0000	0.0000	0.3767	
358	0.0000	0.0000	0.0000	0.3770	
359	0.0000	0.0000	0.0000	0.3773	
360	0.0000	0.0000	0.0000	0.3777	
361	0.0000	0.0000	0.0000	0.3781	
362	0.0000	0.0000	0.0000	0.3786	
363	0.0000	0.0000	0.0000	0.3792	
364	0.0000	0.0000	0.0000	0.3797	
365	0.0000	0.0000	0.0000	0.3803	
366	0.0000	0.0000	0.0000	0.3809	
367	0.0000	0.0000	0.0000	0.3815	
368	0.0000	0.0000	0.0000	0.3822	
369	0.0000	0.0000	0.0000	0.3828	
370	0.0000	0.0000	0.0000	0.3835	
371	0.0000	0.0000	0.0000	0.3842	
372	0.0000	0.0000	0.0000	0.3849	
373	0.0000	0.0000	0.0000	0.3856	
374	0.0000	0.0000	0.0000	0.3863	
375	0.0000	0.0000	0.0000	0.3869	
376	0.0000	0.0000	0.0000	0.3876	
377	0.0000	0.0000	0.0000	0.3883	
378	0.0000	0.0000	0.0000	0.3890	
379	0.0000	0.0000	0.0000	0.3897	
380	0.0000	0.0000	0.0000	0.3903	
381	0.0000	0.0000	0.0000	0.3910	
382	0.0000	0.0000	0.0000	0.3916	
383	0.0000	0.0000	0.0000	0.3923	
384	0.0000	0.0000	0.0000	0.3929	
385	0.0000	0.0000	0.0000	0.3935	
386	0.0000	0.0000	0.0000	0.3941	
387	0.0000	0.0000	0.0000	0.3947	
388	0.0000	0.0000	0.0000	0.3953	
389	0.0000	0.0000	0.0000	0.3958	
390	0.0000	0.0000	0.0000	0.3964	
391	0.0000	0.0000	0.0000	0.3969	
392	0.0000	0.0000	0.0000	0.3974	
393	0.0000	0.0000	0.0000	0.3979	
394	0.0000	0.0000	0.0000	0.3984	
395	0.0000	0.0000	0.0000	0.3989	
396	0.0000	0.0000	0.0000	0.3993	
397	0.0000	0.0000	0.0000	0.3998	
398	0.0000	0.0000	0.0000	0.4002	
399	0.0000	0.0000	0.0000	0.4006	
400	0.0000	0.0000	0.0000	0.4010	
401	0.0000	0.0000	0.0000	0.4014	
402	0.0000	0.0000	0.0000	0.4017	
403	0.0000	0.0000	0.0000	0.4021	
404	0.0000	0.0000	0.0000	0.4024	
405	0.0000	0.0000	0.0000	0.4028	
406	0.0000	0.0000	0.0000	0.4031	
407	0.0000	0.0000	0.0000	0.4034	
408	0.0000	0.0000	0.0000	0.4037	
409	0.0000	0.0000	0.0000	0.4040	
410	0.0000	0.0000	0.0000	0.4042	
411	0.0000	0.0000	0.0000	0.4045	
412	0.0000	0.0000	0.0000	0.4047	
413	0.0000	0.0000	0.0000	0.4050	
414	0.0000	0.0000	0.0000	0.4052	
415	0.0000	0.0000	0.0000	0.4054	
416	0.0000	0.0000	0.0000	0.4056	
417	0.0000	0.0000	0.0000	0.4058	
418	0.0000	0.0000	0.0000	0.4060	
419	0.0000	0.0000	0.0000	0.4062	
420	0.0000	0.0000	0.0000	0.4064	
421	0.0000	0.0000	0.0000	0.4066	
422	0.0000	0.0000	0.0000	0.4067	
423	0.0000	0.0000	0.0000	0.4069	
424	0.0000	0.0000	0.0000	0.4070	
425	0.0000	0.0000	0.0000	0.4072	
426	0.0000	0.0000	0.0000	0.4073	
427	0.0000	0.0000	0.0000	0.4075	
428	0.0000	0.0000	0.0000	0.4076	
429	0.0000	0.0000	0.0000	0.4077	
430	0.0000	0.0000	0.0000	0.4078	
431	0.0000	0.0000	0.0000	0.4079	
432	0.0000	0.0000	0.0000	0.4080	
433	0.0000	0.0000	0.0000	0.4081	
434	0.0000	0.0000	0.0000	0.4082	
435	0.0000	0.0000	0.0000	0.4083	
436	0.0000	0.0000	0.0000	0.4084	
437	0.0000	0.0000	0.0000	0.4085	
438	0.0000	0.0000	0.0000	0.4086	
439	0.0000	0.0000	0.0000	0.4086	
440	0.0000	0.0000	0.0000	0.4087	
441	0.0000	0.0000	0.0000	0.4088	
442	0.0000	0.0000	0.0000	0.4088	
443	0.0000	0.0000	0.0000	0.4089	
444	0.0000	0.0000	0.0000	0.4089	
445	0.0000	0.0000	0.0000	0.4090	
446	0.0000	0.0000	0.0000	0.4091	
447	0.0000	0.0000	0.0000	0.4091	
448	0.0000	0.0000	0.0000	0.4092	
449	0.0000	0.0000	0.0000	0.4092	
450	0.0000	0.0000	0.0000	0.4092	
451	0.0000	0.0000	0.0000	0.4093	
452	0.0000	0.0000	0.0000	0.4093	
453	0.0000	0.0000	0.0000	0.4094	
454	0.0000	0.0000	0.0000	0.4094	
455	0.0000	0.0000	0.0000	0.4094	
456	0.0000	0.0000	0.0000	0.4095	
457	0.0000	0.0000	0.0000	0.4095	
458	0.0000	0.0000	0.0000	0.4095	
459	0.0000	0.0000	0.0000	0.4096	
460	0.0000	0.0000	0.0000	0.4096	
461	0.0000	0.0000	0.0000	0.4096	
462	0.0000	0.0000	0.0000	0.4096	
463	0.0000	0.0000	0.0000	0.4097	
464	0.0000	0.0000	0.0000	0.4097	
465	0.0000	0.0000	0.0000	0.4097	
466	0.0000	0.0000	0.0000	0.4097	
467	0.0000	0.0000	0.0000	0.4097	
468	0.0000	0.0000	0.0000	0.4098	
469	0.0000	0.0000	0.0000	0.4098	
470	0.0000	0.0000	0.0000	0.4098	
471	0.0000	0.0000	0.0000	0.4098	
472	0.0000	0.0000	0.0000	0.4098	
473	0.0000	0.0000	0.0000	0.4098	
474	0.0000	0.0000	0.0000	0.4098	
475	0.0000	0.0000	0.0000	0.4099	
476	0.0000	0.0000	0.0000	0.4099	
477	0.0000	0.0000	0.0000	0.4099	
478	0.0000	0.0000	0.0000	0.4099	
479	0.0000	0.0000	0.0000	0.4099	
480	0.0000	0.0000	0.0000	0.4099	
481	0.0000	0.0000	0.0000	0.4099	
482	0.0000	0.0000	0.0000	0.4099	
483	0.0000	0.0000	0.0000	0.4099	
484	0.0000	0.0000	0.0000	0.4099	
485	0.0000	0.0000	0.0000	0.4100	
486	0.0000	0.0000	0.0000	0.4100	
487	0.0000	0.0000	0.0000	0.4100	
488	0.0000	0.0000	0.0000	0.4100	
489	0.0000	0.0000	0.0000	0.4100	
490	0.0000	0.0000	0.0000	0.4100	
491	0.0000	0.0000	0.0000	0.4100	
492	0.0000	0.0000	0.0000	0.4100	
493	0.0000	0.0000	0.0000	0.4100	
494	0.0000	0.0000	0.0000	0.4100	
495	0.0000	0.0000	0.0000	0.4100	
496	0.0000	0.0000	0.0000	0.4100	
497	0.0000	0.0000	0.0000	0.4100	
498	0.0000	0.0000	0.0000	0.4100	
499	0.0000	0.0000	0.0000	0.4100	
500	0.0000	0.0000	0.0000	0.4100	
501	0.0000	0.0000	0.0000	0.4100	
502	0.0000	0.0000	0.0000	0.4100	
503	0.0000	0.0000	0.0000	0.4100	
504	0.0000	0.0000	0.0000	0.4100	
505	0.0000	0.0000	0.0000	0.4100	
506	0.0000	0.0000	0.0000	0.4100	
507	0.0000	0.0000	0.0000	0.4101	
508	0.0000	0.0000	0.0000	0.4101	
509	0.0000	0.0000	0.0000	0.4101	
510	0.0000	0.0000	0.0000	0.4101	
511	0.0000	0.0000	0.0000	0.4101	
512	0.0000	0.0000	0.0000	0.4101	
513	0.0000	0.0000	0.0000	0.4101	
514	0.0000	0.0000	0.0000	0.4101	
515	0.0000	0.0000	0.0000	0.4101	
516	0.0000	0.0000	0.0000	0.4101	
517	0.0000	0.0000	0.0000	0.4101	
518	0.0000	0.0000	0.0000	0.4101	
519	0.0000	0.0000	0.0000	0.4101	
520	0.0000	0.0000	0.0000	0.4101	
521	0.0000	0.0000	0.0000	0.4101	
522	0.0000	0.0000	0.0000	0.4101	
523	0.0000	0.0000	0.0000	0.4101	
524	0.0000	0.0000	0.0000	0.4101	
525	0.0000	0.0000	0.0000	0.4101	
526	0.0000	0.0000	0.0000	0.4101	
527	0.0000	0.0000	0.0000	0.4101	
528	0.0000	0.0000	0.0000	0.4101	
529	0.0000	0.0000	0.0000	0.4101	
530	0.0000	0.0000	0.0000	0.4101	
531	0.0000	0.0000	0.0000	0.4101	
532	0.0000	0.0000	0.0000	0.4101	
533	0.0000	0.0000	0.0000	0.4101	
534	0.0000	0.0000	0.0000	0.4101	
535	0.0000	0.0000	0.0000	0.4101	
536	0.0000	0.0000	0.0000	0.4101	
537	0.0000	0.0000	0.0000	0.4101	
538	0.0000	0.0000	0.0000	0.4101	
539	0.0000	0.0000	0.0000	0.4101	
540	0.0000	0.0000	0.0000	0.4101	
541	0.0000	0.0000	0.0000	0.4101	
542	0.0000	0.0000	0.0000	0.4101	
543	0.0000	0.0000	0.0000	0.4101	
544	0.0000	0.0000	0.0000	0.4101	
545	0.0000	0.0000	0.0000	0.4101	
546	0.0000	0.0000	0.0000	0.4101	
547	0.0000	0.0000	0.0000	0.4101	
548	0.0000	0.0000	0.0000	0.4101	
549	0.0000	0.0000	0.0000	0.4101	
550	0.0000	0.0000	0.0000	0.4101	
551	0.0000	0.0000	0.0000	0.4101	
552	0.0000	0.0000	0.0000	0.4101	
553	0.0000	0.0000	0.0000	0.4101	
554	0.0000	0.0000	0.0000	0.4101	
555	0.0000	0.0000	0.0000	0.4101	
556	0.0000	0.0000	0.0000	0.4101	
557	0.0000	0.0000	0.0000	0.4101	
558	0.0000	0.0000	0.0000	0.4101	
559	0.0000	0.0000	0.0000	0.4101	
560	0.0000	0.0000	0.0000	0.4101	
561	0.0000	0.0000	0.0000	0.4101	
562	0.0000	0.0000	0.0000	0.4101	
563	0.0000	0.0000	0.0000	0.4101	
564	0.0000	0.0000	0.0000	0.4101	
565	0.0000	0.0000	0.0000	0.4101	
566	0.0000	0.0000	0.0000	0.4101	
567	0.0000	0.0000	0.0000	0.4101	
568	0.0000	0.0000	0.0000	0.4101	
569	0.0000	0.0000	0.0000	0.4101	
570	0.0000	0.0000	0.0000	0.4101	
571	0.0000	0.0000	0.0000	0.4101	
572	0.0000	0.0000	0.0000	0.4101	
573	0.0000	0.0000	0.0000	0.4101	
574	0.0000	0.0000	0.0000	0.4101	
575	0.0000	0.0000	0.0000	0.4101	
576	0.0000	0.0000	0.0000	0.4101	
577	0.0000	0.0000	0.0000	0.4101	
578	0.0000	0.0000	0.0000	0.4101	
579	0.0000	0.0000	0.0000	0.4101	
580	0.0000	0.0000	0.0000	0.4101	
581	0.0000	0.0000	0.0000	0.4101	
582	0.0000	0.0000	0.0000	0.4101	
583	0.0000	0.0000	0.0000	0.4101	
584	0.0000	0.0000	0.0000	0.4101	
585	0.0000	0.0000	0.0000	0.4101	
586	0.0000	0.0000	0.0000	0.4101	
587	0.0000	0.0000	0.0000	0.4101	
588	0.0000	0.0000	0.0000	0.4101	
589	0.0000	0.0000	0.0000	0.4101	
590	0.0000	0.0000	0.0000	0.4101	
591	0.0000	0.0000	0.0000	0.4101	
592	0.0000	0.0000	0.0000	0.4101	
593	0.0000	0.0000	0.0000	0.4101	
594	0.0000	0.0000	0.0000	0.4101	
595	0.0000	0.0000	0.0000	0.4101	
596	0.0000	0.0000	0.0000	0.4101	
597	0.0000	0.0000	0.0000	0.4101	
598	0.0000	0.0000	0.0000	0.4101	
599	0.0000	0.0000	0.0000	0.4101	
600	0.0000	0.0000	0.0000	0.4101	
601	0.0000	0.0000	0.0000	0.4101	
602	1.0000	0.0000	0.0000	0.4101	
603	1.0000	0.0000	0.0000	0.4101	
604	1.0000	0.0000	0.0000	0.4101	
605	1.0000	0.0000	0.0000	0.4101	
606	1.0000	0.0000	0.0000	0.4101	
607	1.0000	0.0000	0.0000	0.4101	
608	0.0000	0.0000	0.0000	0.4101	
609	0.0000	0.0000	0.0000	0.4101	
610	0.0000	0.0000	0.0000	0.4101	
611	0.0000	0.0000	0.0000	0.4101	
612	0.0000	0.0000	0.0000	0.4101	
613	0.0000	0.0000	0.0000	0.4101	
614	0.0000	0.0000	0.0000	0.4101	
615	0.0000	0.0000	0.0000	0.4101	
616	0.0000	0.0000	0.0000	0.4101	
617	0.0000	0.0000	0.0000	0.4101	
618	0.0000	0.0000	0.0000	0.4101	
619	0.0000	0.0000	0.0000	0.4100	
620	0.0000	0.0000	0.0000	0.4099	
621	0.0000	0.0000	0.0000	0.4096	
622	0.0000	0.0000	0.0000	0.4093	
623	0.0000	0.0000	0.0000	0.4087	
624	0.0000	0.0000	0.0000	0.4079	
625	0.0000	0.0000	0.0000	0.4070	
626	0.0000	0.0000	0.0000	0.4059	
627	0.0000	0.0000	0.0000	0.4046	
628	0.0000	0.0000	0.0000	0.4032	
629	0.0000	0.0000	0.0000	0.4017	
630	0.0000	0.0000	0.0000	0.4001	
631	0.0000	0.0000	0.0000	0.3985	
632	0.0000	0.0000	0.0000	0.3968	
633	0.0000	0.0000	0.0000	0.3951	
634	0.0000	0.0000	0.0000	0.3934	
635	0.0000	0.0000	0.0000	0.3917	
636	0.0000	0.0000	0.0000	0.3901	
637	0.0000	0.0000	0.0000	0.3885	
638	0.0000	0.0000	0.0000	0.3870	
639	0.0000	0.0000	0.0000	0.3856	
640	0.0000	0.0000	0.0000	0.3843	
641	0.0000	0.0000	0.0000	0.3830	
642	0.0000	0.0000	0.0000	0.3819	
643	0.0000	0.0000	0.0000	0.3809	
644	0.0000	0.0000	0.0000	0.3799	
645	0.0000	0.0000	0.0000	0.3791	
646	0.0000	0.0000	0.0000	0.3784	
647	0.0000	0.0000	0.0000	0.3778	
648	0.0000	0.0000	0.0000	0.3773	
649	0.0000	0.0000	0.0000	0.3769	
650	0.0000	0.0000	0.0000	0.3766	
651	0.0000	0.0000	0.0000	0.3763	
652	0.0000	0.0000	0.0000	0.3762	
653	0.0000	0.0000	0.0000	0.3761	
654	0.0000	0.0000	0.0000	0.3762	
655	0.0000	0.0000	0.0000	0.3763	
656	0.0000	0.0000	0.0000	0.3764	
657	0.0000	0.0000	0.0000	0.3767	
658	0.0000	0.0000	0.0000	0.3770	
659	0.0000	0.0000	0.0000	0.3773	
660	0.0000	0.0000	0.0000	0.3777	
661	0.0000	0.0000	0.0000	0.3781	
662	0.0000	0.0000	0.0000	0.3786	
663	0.0000	0.0000	0.0000	0.3792	
664	0.0000	0.0000	0.0000	0.3797	
665	0.0000	0.0000	0.0000	0.3803	
666	0.0000	0.0000	0.0000	0.3809	
667	0.0000	0.0000	0.0000	0.3815	
668	0.0000	0.0000	0.0000	0.3822	
669	0.0000	0.0000	0.0000	0.3828	
670	0.0000	0.0000	0.0000	0.3835	
671	0.0000	0.0000	0.0000	0.3842	
672	0.0000	0.0000	0.0000	0.3849	
673	0.0000	0.0000	0.0000	0.3856	
674	0.0000	0.0000	0.0000	0.3863	
675	0.0000	0.0000	0.0000	0.3869	
676	0.0000	0.0000	0.0000	0.3876	
677	0.0000	0.0000	0.0000	0.3883	
678	0.0000	0.0000	0.0000	0.3890	
679	0.0000	0.0000	0.0000	0.3897	
680	0.0000	0.0000	0.0000	0.3903	
681	0.0000	0.0000	0.0000	0.3910	
682	0.0000	0.0000	0.0000	0.3916	
683	0.0000	0.0000	0.0000	0.3923	
684	0.0000	0.0000	0.0000	0.3929	
685	0.0000	0.0000	0.0000	0.3935	
686	0.0000	0.0000	0.0000	0.3941	
687	0.0000	0.0000	0.0000	0.3947	
688	0.0000	0.0000	0.0000	0.3953	
689	0.0000	0.0000	0.0000	0.3958	
690	0.0000	0.0000	0.0000	0.3964	
691	0.0000	0.0000	0.0000	0.3969	
692	0.0000	0.0000	0.0000	0.3974	
693	0.0000	0.0000	0.0000	0.3979	
694	0.0000	0.0000	0.0000	0.3984	
695	0.0000	0.0000	0.0000	0.3989	
696	0.0000	0.0000	0.0000	0.3993	
697	0.0000	0.0000	0.0000	0.3998	
698	0.0000	0.0000	0.0000	0.4002	
699	0.0000	0.0000	0.0000	0.4006	
700	0.0000	0.0000	0.0000	0.4010	
701	0.0000	0.0000	0.0000	0.4014	
702	0.0000	0.0000	0.0000	0.4017	
703	0.0000	0.0000	0.0000	0.4021	
704	0.0000	0.0000	0.0000	0.4024	
705	0.0000	0.0000	0.0000	0.4028	
706	0.0000	0.0000	0.0000	0.4031	
707	0.0000	0.0000	0.0000	0.4034	
708	0.0000	0.0000	0.0000	0.4037	
709	0.0000	0.0000	0.0000	0.4040	
710	0.0000	0.0000	0.0000	0.4042	
711	0.0000	0.0000	0.0000	0.4045	
712	0.0000	0.0000	0.0000	0.4047	
713	0.0000	0.0000	0.0000	0.4050	
714	0.0000	0.0000	0.0000	0.4052	
715	0.0000	0.0000	0.0000	0.4054	
716	0.0000	0.0000	0.0000	0.4056	
717	0.0000	0.0000	0.0000	0.4058	
718	0.0000	0.0000	0.0000	0.4060	
719	0.0000	0.0000	0.0000	0.4062	
720	0.0000	0.0000	0.0000	0.4064	
721	0.0000	0.0000	0.0000	0.4066	
722	0.0000	0.0000	0.0000	0.4067	
723	0.0000	0.0000	0.0000	0.4069	
724	0.0000	0.0000	0.0000	0.4070	
725	0.0000	0.0000	0.0000	0.4072	
726	0.0000	0.0000	0.0000	0.4073	
727	0.0000	0.0000	0.0000	0.4075	
728	0.0000	0.0000	0.0000	0.4076	
729	0.0000	0.0000	0.0000	0.4077	
730	0.0000	0.0000	0.0000	0.4078	
731	0.0000	0.0000	0.0000	0.4079	
732	0.0000	0.0000	0.0000	0.4080	
733	0.0000	0.0000	0.0000	0.4081	
734	0.0000	0.0000	0.0000	0.4082	
735	0.0000	0.0000	0.0000	0.4083	
736	0.0000	0.0000	0.0000	0.4084	
737	0.0000	0.0000	0.0000	0.4085	
738	0.0000	0.0000	0.0000	0.4086	
739	0.0000	0.0000	0.0000	0.4086	
740	0.0000	0.0000	0.0000	0.4087	
741	0.0000	0.0000	0.0000	0.4088	
742	0.0000	0.0000	0.0000	0.4088	
743	0.0000	0.0000	0.0000	0.4089	
744	0.0000	0.0000	0.0000	0.4089	
745	0.0000	0.0000	0.0000	0.4090	
746	0.0000	0.0000	0.0000	0.4091	
747	0.0000	0.0000	0.0000	0.4091	
748	0.0000	0.0000	0.0000	0.4092	
749	0.0000	0.0000	0.0000	0.4092	
750	0.0000	0.0000	0.0000	0.4092	
751	0.0000	0.0000	0.0000	0.4093	
752	0.0000	0.0000	0.0000	0.4093	
753	0.0000	0.0000	0.0000	0.4094	
754	0.0000	0.0000	0.0000	0.4094	
755	0.0000	0.0000	0.0000	0.4094	
756	0.0000	0.0000	0.0000	0.4095	
757	0.0000	0.0000	0.0000	0.4095	
758	0.0000	0.0000	0.0000	0.4095	
759	0.0000	0.0000	0.0000	0.4096	
760	0.0000	0.0000	0.0000	0.4096	
761	0.0000	0.0000	0.0000	0.4096	
762	0.0000	0.0000	0.0000	0.4096	
763	0.0000	0.0000	0.0000	0.4097	
764	0.0000	0.0000	0.0000	0.4097	
765	0.0000	0.0000	0.0000	0.4097	
766	0.0000	0.0000	0.0000	0.4097	
767	0.0000	0.0000	0.0000	0.4097	
768	0.0000	0.0000	0.0000	0.4098	
769	0.0000	0.0000	0.0000	0.4098	
770	0.0000	0.0000	0.0000	0.4098	
771	0.0000	0.0000	0.0000	0.4098	
772	0.0000	0.0000	0.0000	0.4098	
773	0.0000	0.0000	0.0000	0.4098	
774	0.0000	0.0000	0.0000	0.4098	
775	0.0000	0.0000	0.0000	0.4099	
776	0.0000	0.0000	0.0000	0.4099	
777	0.0000	0.0000	0.0000	0.4099	
778	0.0000	0.0000	0.0000	0.4099	
779	0.0000	0.0000	0.0000	0.4099	
780	0.0000	0.0000	0.0000	0.4099	
781	0.0000	0.0000	0.0000	0.4099	
782	0.0000	0.0000	0.0000	0.4099	
783	0.0000	0.0000	0.0000	0.4099	
784	0.0000	0.0000	0.0000	0.4099	
785	0.0000	0.0000	0.0000	0.4100	
786	0.0000	0.0000	0.0000	0.4100	
787	0.0000	0.0000	0.0000	0.4100	
788	0.0000	0.0000	0.0000	0.4100	
789	0.0000	0.0000	0.0000	0.4100	
790	0.0000	0.0000	0.0000	0.4100	
791	0.0000	0.0000	0.0000	0.4100	
792	0.0000	0.0000	0.0000	0.4100	
793	0.0000	0.0000	0.0000	0.4100	
794	0.0000	0.0000	0.0000	0.4100	
795	0.0000	0.0000	0.0000	0.4100	
796	0.0000	0.0000	0.0000	0.4100	
797	0.0000	0.0000	0.0000	0.4100	
798	0.0000	0.0000	0.0000	0.4100	
799	0.0000	0.0000	0.0000	0.4100	
800	0.0000	0.0000	0.0000	0.4100	
801	0.0000	0.0000	0.0000	0.4100	
802	0.0000	0.0000	0.0000	0.4100	
803	0.0000	0.0000	0.0000	0.4100	
804	0.0000	0.0000	0.0000	0.4100	
805	0.0000	0.0000	0.0000	0.4100	
806	0.0000	0.0000	0.0000	0.4100	
807	0.0000	0.0000	0.0000	0.4101	
808	0.0000	0.0000	0.0000	0.4101	
809	0.0000	0.0000	0.0000	0.4101	
810	0.0000	0.0000	0.0000	0.4101	
811	0.0000	0.0000	0.0000	0.4101	
812	0.0000	0.0000	0.0000	0.4101	
813	0.0000	0.0000	0.0000	0.4101	
814	0.0000	0.0000	0.0000	0.4101	
815	0.0000	0.0000	0.0000	0.4101	
816	0.0000	0.0000	0.0000	0.4101	
817	0.0000	0.0000	0.0000	0.4101	
818	0.0000	0.0000	0.0000	0.4101	
819	0.0000	0.0000	0.0000	0.4101	
820	0.0000	0.0000	0.0000	0.4101	
821	0.0000	0.0000	0.0000	0.4101	
822	0.0000	0.0000	0.0000	0.4101	
823	0.0000	0.0000	0.0000	0.4101	
824	0.0000	0.0000	0.0000	0.4101	
825	0.0000	0.0000	0.0000	0.4101	
826	0.0000	0.0000	0.0000	0.4101	
827	0.0000	0.0000	0.0000	0.4101	
828	0.0000	0.0000	0.0000	0.4101	
829	0.0000	0.0000	0.0000	0.4101	
830	0.0000	0.0000	0.0000	0.4101	
831	0.0000	0.0000	0.0000	0.4101	
832	0.0000	0.0000	0.0000	0.4101	
833	0.0000	0.0000	0.0000	0.4101	
834	0.0000	0.0000	0.0000	0.4101	
835	0.0000	0.0000	0.0000	0.4101	
836	0.0000	0.0000	0.0000	0.4101	
837	0.0000	0.0000	0.0000	0.4101	
838	0.0000	0.0000	0.0000	0.4101	
839	0.0000	0.0000	0.0000	0.4101	
840	0.0000	0.0000	0.0000	0.4101	
841	0.0000	0.0000	0.0000	0.4101	
842	0.0000	0.0000	0.0000	0.4101	
843	0.0000	0.0000	0.0000	0.4101	
844	0.0000	0.0000	0.0000	0.4101	
845	0.0000	0.0000	0.0000	0.4101	
846	0.0000	0.0000	0.0000	0.4101	
847	0.0000	0.0000	0.0000	0.4101	
848	0.0000	0.0000	0.0000	0.4101	
849	0.0000	0.0000	0.0000	0.4101	
850	0.0000	0.0000	0.0000	0.4101	
851	0.0000	0.0000	0.0000	0.4101	
852	0.0000	0.0000	0.0000	0.4101	
853	0.0000	0.0000	0.0000	0.4101	
854	0.0000	0.0000	0.0000	0.4101	
855	0.0000	0.0000	0.0000	0.4101	
856	0.0000	0.0000	0.0000	0.4101	
857	0.0000	0.0000	0.0000	0.4101	
858	0.0000	0.0000	0.0000	0.4101	
859	0.0000	0.0000	0.0000	0.4101	
860	0.0000	0.0000	0.0000	0.4101	
861	0.0000	0.0000	0.0000	0.4101	
862	0.0000	0.0000	0.0000	0.4101	
863	0.0000	0.0000	0.0000	0.4101	
864	0.0000	0.0000	0.0000	0.4101	
865	0.0000	0.0000	0.0000	0.4101	
866	0.0000	0.0000	0.0000	0.4101	
867	0.0000	0.0000	0.0000	0.4101	
868	0.0000	0.0000	0.0000	0.4101	
869	0.0000	0.0000	0.0000	0.4101	
870	0.0000	0.0000	0.0000	0.4101	
871	0.0000	0.0000	0.0000	0.4101	
872	0.0000	0.0000	0.0000	0.4101	
873	0.0000	0.0000	0.0000	0.4101	
874	0.0000	0.0000	0.0000	0.4101	
875	0.0000	0.0000	0.0000	0.4101	
876	0.0000	0.0000	0.0000	0.4101	
877	0.0000	0.0000	0.0000	0.4101	
878	0.0000	0.0000	0.0000	0.4101	
879	0.0000	0.0000	0.0000	0.4101	
880	0.0000	0.0000	0.0000	0.4101	
881	0.0000	0.0000	0.0000	0.4101	
882	0.0000	0.0000	0.0000	0.4101	
883	0.0000	0.0000	0.0000	0.4101	
884	0.0000	0.0000	0.0000	0.4101	
885	0.0000	0.0000	0.0000	0.4101	
886	0.0000	0.0000	0.0000	0.4101	
887	0.0000	0.0000	0.0000	0.4101	
888	0.0000	0.0000	0.0000	0.4101	
889	0.0000	0.0000	0.0000	0.4101	
890	0.0000	0.0000	0.0000	0.4101	
891	0.0000	0.0000	0.0000	0.4101	
892	0.0000	0.0000	0.0000	0.4101	
893	0.0000	0.0000	0.0000	0.4101	
894	0.0000	0.0000	0.0000	0.4101	
895	0.0000	0.0000	0.0000	0.4101	
896	0.0000	0.0000	0.0000	0.4101	
897	0.0000	0.0000	0.0000	0.4101	
898	0.0000	0.0000	0.0000	0.4101	
899	0.0000	0.0000	0.0000	0.4101	
900	0.0000	0.0000	0.0000	0.4101	
901	0.0000	0.0000	0.0000	0.4101	
902	1.0000	0.0000	0.0000	0.4101	
903	1.0000	0.0000	0.0000	0.4101	
904	1.0000	0.0000	0.0000	0.4101	
905	1.0000	0.0000	0.0000	0.4101	
906	1.0000	0.0000	0.0000	0.4101	
907	1.0000	0.0000	0.0000	0.4101	
908	0.0000	0.0000	0.0000	0.4101	
909	0.0000	0.0000	0.0000	0.4101	
910	0.0000	0.0000	0.0000	0.4101	
911	0.0000	0.0000	0.0000	0.4101	
912	0.0000	0.0000	0.0000	0.4101	
913	0.0000	0.0000	0.0000	0.4101	
914	0.0000	0.0000	0.0000	0.4101	
915	0.0000	0.0000	0.0000	0.4101	
916	0.0000	0.0000	0.0000	0.4101	
917	0.0000	0.0000	0.0000	0.4101	
918	0.0000	0.0000	0.0000	0.4101	
919	0.0000	0.0000	0.0000	0.4100	
920	0.0000	0.0000	0.0000	0.4099	
921	0.0000	0.0000	0.0000	0.4096	
922	0.0000	0.0000	0.0000	0.4093	
923	0.0000	0.0000	0.0000	0.4087	
924	0.0000	0.0000	0.0000	0.4079	
925	0.0000	0.0000	0.0000	0.4070	
926	0.0000	0.0000	0.0000	0.4059	
927	0.0000	0.0000	0.0000	0.4046	
928	0.0000	0.0000	0.0000	0.4032	
929	0.0000	0.0000	0.0000	0.4017	
930	0.0000	0.0000	0.0000	0.4001	
931	0.0000	0.0000	0.0000	0.3985	
932	0.0000	0.0000	0.0000	0.3968	
933	0.0000	0.0000	0.0000	0.3951	
934	0.0000	0.0000	0.0000	0.3934	
935	0.0000	0.0000	0.0000	0.3917	
936	0.0000	0.0000	0.0000	0.3901	
937	0.0000	0.0000	0.0000	0.3885	
938	0.0000	0.0000	0.0000	0.3870	
939	0.0000	0.0000	0.0000	0.3856	
940	0.0000	0.0000	0.0000	0.3843	
941	0.0000	0.0000	0.0000	0.3830	
942	0.0000	0.0000	0.0000	0.3819	
943	0.0000	0.0000	0.0000	0.3809	
944	0.0000	0.0000	0.0000	0.3799	
945	0.0000	0.0000	0.0000	0.3791	
946	0.0000	0.0000	0.0000	0.3784	
947	0.0000	0.0000	0.0000	0.3778	
948	0.0000	0.0000	0.0000	0.3773	
949	0.0000	0.0000	0.0000	0.3769	
950	0.0000	0.0000	0.0000	0.3766	
951	0.0000	0.0000	0.0000	0.3763	
952	0.0000	0.0000	0.0000	0.3762	
953	0.0000	0.0000	0.0000	0.3761	
954	0.0000	0.0000	0.0000	0.3762	
955	0.0000	0.0000	0.0000	0.3763	
956	0.0000	0.0000	0.0000	0.3764	
957	0.0000	0.0000	0.0000	0.3767	
958	0.0000	0.0000	0.0000	0.3770	
959	0.0000	0.0000	0.0000	0.3773	
960	0.0000	0.0000	0.0000	0.3777	
961	0.0000	0.0000	0.0000	0.3781	
962	0.0000	0.0000	0.0000	0.3786	
963	0.0000	0.0000	0.0000	0.3792	
964	0.0000	0.0000	0.0000	0.3797	
965	0.0000	0.0000	0.0000	0.3803	
966	0.0000	0.0000	0.0000	0.3809	
967	0.0000	0.0000	0.0000	0.3815	
968	0.0000	0.0000	0.0000	0.3822	
969	0.0000	0.0000	0.0000	0.3828	
970	0.0000	0.0000	0.0000	0.3835	
971	0.0000	0.0000	0.0000	0.3842	
972	0.0000	0.0000	0.0000	0.3849	
973	0.0000	0.0000	0.0000	0.3856	
974	0.0000	0.0000	0.0000	0.3863	
975	0.0000	0.0000	0.0000	0.3869	
976	0.0000	0.0000	0.0000	0.3876	
977	0.0000	0.0000	0.0000	0.3883	
978	0.0000	0.0000	0.0000	0.3890	
979	0.0000	0.0000	0.0000	0.3897	
980	0.0000	0.0000	0.0000	0.3903	
981	0.0000	0.0000	0.0000	0.3910	
982	0.0000	0.0000	0.0000	0.3916	
983	0.0000	0.0000	0.0000	0.3923	
984	0.0000	0.0000	0.0000	0.3929	
985	0.0000	0.0000	0.0000	0.3935	
986	0.0000	0.0000	0.0000	0.3941	
987	0.0000	0.0000	0.0000	0.3947	
988	0.0000	0.0000	0.0000	0.3953	
989	0.0000	0.0000	0.0000	0.3958	
990	0.0000	0.0000	0.0000	0.3964	
991	0.0000	0.0000	0.0000	0.3969	
992	0.0000	0.0000	0.0000	0.3974	
993	0.0000	0.0000	0.0000	0.3979	
994	0.0000	0.0000	0.0000	0.3984	
995	0.0000	0.0000	0.0000	0.3989	
996	0.0000	0.0000	0.0000	0.3993	
997	0.0000	0.0000	0.0000	0.3998	
998	0.0000	0.0000	0.0000	0.4002	
999	0.0000	0.0000	0.0000	0.4006	
1000	0.0000	0.0000	0.0000	0.4010	
1001	0.0000	0.0000	0.0000	0.4014	
1002	0.0000	0.0000	0.0000	0.4017	
1003	0.0000	0.0000	0.0000	0.4021	
1004	0.0000	0.0000	0.0000	0.4024	
1005	0.0000	0.0000	0.0000	0.4028	
1006	0.0000	0.0000	0.0000	0.4031	
1007	0.0000	0.0000	0.0000	0.4034	
1008	0.0000	0.0000	0.0000	0.4037	
1009	0.0000	0.0000	0.0000	0.4040	
1010	0.0000	0.0000	0.0000	0.4042	
1011	0.0000	0.0000	0.0000	0.4045	
1012	0.0000	0.0000	0.0000	0.4047	
1013	0.0000	0.0000	0.0000	0.4050	
1014	0.0000	0.0000	0.0000	0.4052	
1015	0.0000	0.0000	0.0000	0.4054	
1016	0.0000	0.0000	0.0000	0.4056	
1017	0.0000	0.0000	0.0000	0.4058	
1018	0.0000	0.0000	0.0000	0.4060	
1019	0.0000	0.0000	0.0000	0.4062	
1020	0.0000	0.0000	0.0000	0.4064	
1021	0.0000	0.0000	0.0000	0.4066	
1022	0.0000	0.0000	0.0000	0.4067	
1023	0.0000	0.0000	0.0000	0.4069	
1024	0.0000	0.0000	0.0000	0.4070	
1025	0.0000	0.0000	0.0000	0.4072	
1026	0.0000	0.0000	0.0000	0.4073	
1027	0.0000	0.0000	0.0000	0.4075	
1028	0.0000	0.0000	0.0000	0.4076	
1029	0.0000	0.0000	0.0000	0.4077	
1030	0.0000	0.0000	0.0000	0.4078	
1031	0.0000	0.0000	0.0000	0.4079	
1032	0.0000	0.0000	0.0000	0.4080	
1033	0.0000	0.0000	0.0000	0.4081	
1034	0.0000	0.0000	0.0000	0.4082	
1035	0.0000	0.0000	0.0000	0.4083	
1036	0.0000	0.0000	0.0000	0.4084	
1037	0.0000	0.0000	0.0000	0.4085	
1038	0.0000	0.0000	0.0000	0.4086	
1039	0.0000	0.0000	0.0000	0.4086	
1040	0.0000	0.0000	0.0000	0.4087	
1041	0.0000	0.0000	0.0000	0.4088	
1042	0.0000	0.0000	0.0000	0.4088	
1043	0.0000	0.0000	0.0000	0.4089	
1044	0.0000	0.0000	0.0000	0.4089	
1045	0.0000	0.0000	0.0000	0.4090	
1046	0.0000	0.0000	0.0000	0.4091	
1047	0.0000	0.0000	0.0000	0.4091	
1048	0.0000	0.0000	0.0000	0.4092	
1049	0.0000	0.0000	0.0000	0.4092	
1050	0.0000	0.0000	0.0000	0.4092	
1051	0.0000	0.0000	0.0000	0.4093	
1052	0.0000	0.0000	0.0000	0.4093	
1053	0.0000	0.0000	0.0000	0.4094	
1054	0.0000	0.0000	0.0000	0.4094	
1055	0.0000	0.0000	0.0000	0.4094	
1056	0.0000	0.0000	0.0000	0.4095	
1057	0.0000	0.0000	0.0000	0.4095	
1058	0.0000	0.0000	0.0000	0.4095	
1059	0.0000	0.0000	0.0000	0.4096	
1060	0.0000	0.0000	0.0000	0.4096	
1061	0.0000	0.0000	0.0000	0.4096	
1062	0.0000	0.0000	0.0000	0.4096	
1063	0.0000	0.0000	0.0000	0.4097	
1064	0.0000	0.0000	0.0000	0.4097	
1065	0.0000	0.0000	0.0000	0.4097	
1066	0.0000	0.0000	0.0000	0.4097	
1067	0.0000	0.0000	0.0000	0.4097	
1068	0.0000	0.0000	0.0000	0.4098	
1069	0.0000	0.0000	0.0000	0.4098	
1070	0.0000	0.0000	0.0000	0.4098	
1071	0.0000	0.0000	0.0000	0.4098	
1072	0.0000	0.0000	0.0000	0.4098	
1073	0.0000	0.0000	0.0000	0.4098	
1074	0.0000	0.0000	0.0000	0.4098	
1075	0.0000	0.0000	0.0000	0.4099	
1076	0.0000	0.0000	0.0000	0.4099	
1077	0.0000	0.0000	0.0000	0.4099	
1078	0.0000	0.0000	0.0000	0.4099	
1079	0.0000	0.0000	0.0000	0.4099	
1080	0.0000	0.0000	0.0000	0.4099	
1081	0.0000	0.0000	0.0000	0.4099	
1082	0.0000	0.0000	0.0000	0.4099	
1083	0.0000	0.0000	0.0000	0.4099	
1084	0.0000	0.0000	0.0000	0.4099	
1085	0.0000	0.0000	0.0000	0.4100	
1086	0.0000	0.0000	0.0000	0.4100	
1087	0.0000	0.0000	0.0000	0.4100	
1088	0.0000	0.0000	0.0000	0.4100	
1089	0.0000	0.0000	0.0000	0.4100	
1090	0.0000	0.0000	0.0000	0.4100	
1091	0.0000	0.0000	0.0000	0.4100	
1092	0.0000	0.0000	0.0000	0.4100	
1093	0.0000	0.0000	0.0000	0.4100	
1094	0.0000	0.0000	0.0000	0.4100	
1095	0.0000	0.0000	0.0000	0.4100	
1096	0.0000	0.0000	0.0000	0.4100	
1097	0.0000	0.0000	0.0000	0.4100	
1098	0.0000	0.0000	0.0000	0.4100	
1099	0.0000	0.0000	0.0000	0.4100	
1100	0.0000	0.0000	0.0000	0.4100	
1101	0.0000	0.0000	0.0000	0.4100	
1102	0.0000	0.0000	0.0000	0.4100	
1103	0.0000	0.0000	0.0000	0.4100	
1104	0.0000	0.0000	0.0000	0.4100	
1105	0.0000	0.0000	0.0000	0.4100	
1106	0.0000	0.0000	0.0000	0.4100	
1107	0.0000	0.0000	0.0000	0.4101	
1108	0.0000	0.0000	0.0000	0.4101	
1109	0.0000	0.0000	0.0000	0.4101	
1110	0.0000	0.0000	0.0000	0.4101	
1111	0.0000	0.0000	0.0000	0.4101	
1112	0.0000	0.0000	0.0000	0.4101	
1113	0.0000	0.0000	0.0000	0.4101	
1114	0.0000	0.0000	0.0000	0.4101	
1115	0.0000	0.0000	0.0000	0.4101	
1116	0.0000	0.0000	0.0000	0.4101	
1117	0.0000	0.0000	0.0000	0.4101	
1118	0.0000	0.0000	0.0000	0.4101	
1119	0.0000	0.0000	0.0000	0.4101	
1120	0.0000	0.0000	0.0000	0.4101	
1121	0.0000	0.0000	0.0000	0.4101	
1122	0.0000	0.0000	0.0000	0.4101	
1123	0.0000	0.0000	0.0000	0.4101	
1124	0.0000	0.0000	0.0000	0.4101	
1125	0.0000	0.0000	0.0000	0.4101	
1126	0.0000	0.0000	0.0000	0.4101	
1127	0.0000	0.0000	0.0000	0.4101	
1128	0.0000	0.0000	0.0000	0.4101	
1129	0.0000	0.0000	0.0000	0.4101	
1130	0.0000	0.0000	0.0000	0.4101	
1131	0.0000	0.0000	0.0000	0.4101	
1132	0.0000	0.0000	0.0000	0.4101	
1133	0.0000	0.0000	0.0000	0.4101	
1134	0.0000	0.0000	0.0000	0.4101	
1135	0.0000	0.0000	0.0000	0.4101	
1136	0.0000	0.0000	0.0000	0.4101	
1137	0.0000	0.0000	0.0000	0.4101	
1138	0.0000	0.0000	0.0000	0.4101	
1139	0.0000	0.0000	0.0000	0.4101	
1140	0.0000	0.0000	0.0000	0.4101	
1141	0.0000	0.0000	0.0000	0.4101	
1142	0.0000	0.0000	0.0000	0.4101	
1143	0.0000	0.0000	0.0000	0.4101	
1144	0.0000	0.0000	0.0000	0.4101	
1145	0.0000	0.0000	0.0000	0.4101	
1146	0.0000	0.0000	0.0000	0.4101	
