0.00000000
0.00000000
0.00000000
0.00757493
0.00976413
0.01741270
0.05992014
0.02991979
0.00000000
0.00000000
0.00000000
0.00000000
0.00223099
0.01584481
0.02194669
0.01823303
0.03449673
0.14048479
0.09884681
0.01402308
0.00161521
0.00000000
0.00000000
0.01582790
0.02771589
0.03026484
0.02111065
0.04603915
0.21700928
0.15534513
0.02241075
0.01032396
0.00000000
0.00861361
0.02472894
0.03500308
0.03489139
0.02117903
0.05268529
0.27070215
0.20145807
0.02526138
0.01423130
0.00781835
0.01482105
0.02967335
0.03981808
0.03835514
0.02152256
0.05640147
0.31244734
0.23303179
0.02620710
0.01583550
0.01343452
0.01684291
0.03142681
0.04223816
0.04046315
0.02262288
0.05861051
0.33352944
0.24973562
0.02854046
0.01706203
0.01543860
0.01484632
0.03009589
0.04089676
0.03916257
0.02102634
0.05527993
0.32228860
0.24419136
0.02886138
0.01647770
0.01365872
0.00859914
0.02491152
0.03598368
0.03570190
0.02065607
0.05208386
0.28044778
0.21203570
0.02667756
0.01430949
0.00789936
0.00000000
0.01590027
0.02807067
0.03043967
0.02065431
0.04601566
0.22206914
0.15935145
0.02209536
0.01005377
0.00000000
0.00000000
0.00221106
0.01583823
0.02174888
0.01781179
0.03441719
0.14248563
0.10009300
0.01343900
0.00154395
0.00000000
0.00000000
0.00000000
0.00000000
0.00770279
0.00992179
0.01762299
0.06053694
0.03017660
0.00000000
0.00000000
0.00000000
0.00000000
0.00000000
0.00000000
0.00997846
0.01584603
0.02885152
0.05307421
0.02437657
0.00000000
0.00000000
0.00000000
0.00000000
0.00297437
0.02067296
0.02840922
0.03074555
0.06016113
0.12734731
0.07971413
0.01915203
0.00253615
0.00000000
0.00000000
0.02105734
0.03510258
0.03750315
0.03563775
0.08433923
0.20244464
0.12492608
0.02992612
0.01649145
0.00000000
0.01146127
0.03207786
0.04436863
0.04166757
0.03527702
0.10202944
0.26163235
0.15804806
0.03220527
0.02307253
0.01177939
0.01967140
0.03942840
0.05106089
0.04562963
0.03666645
0.11640856
0.31611705
0.18540668
0.03366759
0.02648234
0.02038510
0.02301548
0.04322612
0.05584968
0.05027654
0.04177840
0.12872751
0.35644794
0.20857732
0.03895828
0.02964777
0.02405522
0.02003081
0.04084919
0.05394801
0.04842456
0.03880443
0.12392592
0.34486067
0.20626290
0.03916856
0.02846727
0.02111810
0.01152012
0.03285209
0.04653602
0.04316617
0.03599109
0.10793549
0.28395396
0.17405634
0.03456856
0.02363843
0.01205246
0.00000000
0.02121208
0.03569397
0.03714695
0.03481996
0.08629947
0.21176818
0.12737063
0.02873124
0.01592775
0.00000000
0.00000000
0.00295787
0.02075845
0.02783510
0.02985384
0.06058395
0.13054399
0.08057769
0.01795077
0.00242850
0.00000000
0.00000000
0.00000000
0.00000000
0.01018355
0.01607527
0.02928640
0.05427824
0.02474955
0.00000000
0.00000000
0.00000000
0.00000000
0.00000000
0.00000000
0.01121399
0.02096969
0.03741730
0.04525419
0.01873438
0.00000000
0.00000000
0.00000000
0.00000000
0.00336791
0.02282498
0.03112306
0.04233519
0.08196691
0.11208951
0.06021504
0.02180015
0.00314373
0.00000000
0.00000000
0.02388749
0.03795999
0.03992652
0.05076446
0.12293222
0.17377757
0.09206070
0.03342011
0.02115004
0.00000000
0.01285712
0.03617942
0.04656711
0.04128252
0.05075337
0.15016240
0.23507321
0.11050666
0.03508087
0.02981362
0.01379365
0.02234705
0.04505256
0.05335876
0.04419623
0.05326159
0.18619657
0.28876352
0.12384064
0.03633105
0.03466410
0.02416528
0.02660554
0.05089124
0.06089627
0.05255414
0.06655286
0.22783966
0.34835690
0.14902480
0.04470111
0.04054704
0.02906127
0.02358018
0.04902132
0.06022166
0.05245216
0.06637260
0.22786573
0.34559378
0.15228002
0.04627428
0.03987285
0.02603853
0.01326422
0.03878500
0.05075973
0.04503676
0.05811872
0.18201700
0.27029502
0.12391754
0.03867108
0.03149527
0.01448462
0.00000000
0.02422825
0.03823373
0.03824939
0.05094092
0.12978230
0.18647011
0.09241459
0.03061504
0.02040439
0.00000000
0.00000000
0.00336189
0.02270115
0.02993349
0.04131718
0.08451167
0.11564530
0.05869854
0.01965675
0.00303074
0.00000000
0.00000000
0.00000000
0.00000000
0.01152121
0.02152190
0.03875795
0.04675263
0.01884156
0.00000000
0.00000000
0.00000000
0.00000000
0.00000000
0.00000000
0.01183946
0.02417428
0.04162772
0.03838992
0.01549398
0.00000000
0.00000000
0.00000000
0.00000000
0.00354168
0.02361663
0.03305003
0.05084588
0.09270040
0.09296753
0.04905932
0.02318218
0.00346489
0.00000000
0.00000000
0.02525454
0.03876641
0.04206480
0.06256394
0.13778175
0.13866666
0.06896605
0.03598382
0.02409287
0.00000000
0.01332279
0.03769912
0.04571667
0.04102905
0.06361148
0.17308591
0.18063372
0.07658056
0.03752569
0.03401266
0.01422113
0.02315492
0.04681858
0.05109967
0.04183735
0.06775471
0.21996264
0.23241541
0.08447780
0.03809194
0.04038794
0.02483626
0.02825223
0.05496963
0.06205432
0.05583458
0.09316350
0.28248733
0.29639634
0.11007224
0.04995371
0.04924680
0.03046105
0.02661094
0.05694281
0.06848296
0.06598478
0.10992523
0.31559941
0.32802781
0.12700661
0.05880152
0.05207175
0.02884959
0.01467378
0.04493751
0.05582343
0.05362878
0.09278970
0.25389060
0.25409275
0.10058824
0.04667743
0.04050320
0.01564672
0.00000000
0.02594069
0.03879216
0.03933704
0.06528528
0.15757263
0.15647215
0.06604592
0.03153720
0.02343030
0.00000000
0.00000000
0.00353694
0.02307916
0.03055263
0.04888529
0.09741561
0.09541116
0.04431293
0.01988444
0.00333104
0.00000000
0.00000000
0.00000000
0.00000000
0.01217947
0.02491901
0.04426426
0.04031365
0.01533634
0.00000000
0.00000000
0.00000000
0.00000000
0.00000000
0.00000000
0.01302432
0.02609018
0.03757796
0.03125000
0.01447866
0.00000000
0.00000000
0.00000000
0.00000000
0.00371670
0.02504280
0.03688476
0.05562096
0.08200020
0.07177199
0.04404965
0.02517163
0.00374075
0.00000000
0.00000000
0.02632271
0.04079325
0.04812136
0.07184728
0.12199799
0.10584646
0.06034977
0.04060902
0.02660183
0.00000000
0.01368055
0.03809308
0.04600875
0.04585340
0.07305995
0.14099485
0.12283105
0.06058311
0.04295797
0.03775630
0.01452807
0.02345276
0.04625049
0.04899064
0.04400089
0.07762019
0.17608726
0.14435323
0.06173715
0.04300922
0.04454603
0.02492656
0.03051054
0.05948937
0.06752130
0.06964533
0.12378072
0.26676127
0.23492289
0.10128199
0.06296460
0.05869558
0.03206226
0.03274206
0.07363899
0.09664016
0.11178724
0.19591075
0.37890464
0.32536092
0.15536109
0.09501018
0.07341587
0.03488573
0.01787886
0.05694951
0.07528594
0.08858158
0.15142310
0.28499857
0.25043136
0.11823579
0.07186195
0.05605516
0.01888331
0.00000000
0.02796059
0.04196209
0.04677241
0.07783237
0.14177258
0.12133265
0.05718134
0.03666291
0.02660885
0.00000000
0.00000000
0.00371940
0.02395630
0.03235972
0.05032242
0.08125089
0.06807798
0.03614177
0.02110494
0.00357136
0.00000000
0.00000000
0.00000000
0.00000000
0.01338833
0.02672401
0.03996982
0.03243008
0.01439718
0.00000000
0.00000000
0.00000000
0.00000000
0.00000000
0.00000000
0.01253018
0.02422179
0.03082739
0.02501128
0.01284389
0.00000000
0.00000000
0.00000000
0.00000000
0.00341542
0.02321414
0.03537234
0.05114263
0.06319714
0.05370518
0.03722182
0.02361560
0.00345936
0.00000000
0.00000000
0.02374432
0.03746881
0.04721122
0.06706823
0.09059492
0.07259252
0.05126123
0.03893767
0.02448788
0.00000000
0.01221964
0.03305821
0.04044616
0.04412128
0.06660966
0.09836745
0.07363559
0.04766010
0.04130625
0.03434439
0.01281767
0.02049708
0.03866090
0.04043237
0.03922120
0.06570078
0.10798713
0.07452438
0.04194627
0.04052618
0.04031231
0.02163360
0.03015059
0.05857714
0.06935438
0.08037971
0.12876062
0.20371832
0.15140612
0.09256749
0.07321913
0.06187074
0.03133264
0.04092262
0.09538471
0.13493361
0.17953515
0.27351072
0.39255092
0.31962007
0.20961335
0.14354835
0.10035030
0.04256894
0.02166939
0.06877932
0.10500027
0.13700555
0.21595486
0.29017356
0.24616152
0.15292552
0.10928993
0.07104082
0.02235288
0.00000000
0.02672752
0.04115655
0.04958146
0.07499141
0.10576084
0.07978938
0.04925889
0.03855732
0.02608258
0.00000000
0.00000000
0.00333095
0.02083443
0.02872386
0.04122789
0.05516731
0.04274420
0.02726934
0.01888193
0.00318251
0.00000000
0.00000000
0.00000000
0.00000000
0.01277655
0.02467948
0.03183313
0.02561313
0.01283715
0.00000000
0.00000000
0.00000000
0.00000000
0.00000000
0.00000000
0.01088875
0.02016420
0.02398781
0.01957938
0.01084894
0.00000000
0.00000000
0.00000000
0.00000000
0.00283954
0.01969950
0.03103029
0.04175508
0.04700116
0.03996420
0.03102532
0.02008777
0.00288385
0.00000000
0.00000000
0.01925430
0.03149260
0.04126845
0.05520473
0.06257567
0.05215637
0.04207129
0.03317684
0.01996565
0.00000000
0.00952469
0.02583513
0.03202090
0.03761499
0.05282314
0.06250316
0.04776987
0.03815399
0.03455492
0.02725778
0.00974874
0.01558791
0.02788724
0.02882295
0.02958531
0.04478815
0.05674213
0.03657525
0.02827647
0.03099790
0.02962521
0.01583780
0.02752482
0.05362494
0.06698312
0.08049827
0.10968037
0.12836730
0.09764411
0.07893859
0.07054472
0.05637968
0.02794369
0.04894052
0.11736034
0.17721599
0.24414961
0.31909892
0.36478037
0.30774811
0.24958913
0.18571740
0.12292861
0.04976136
0.02487010
0.08141848
0.12934737
0.17827864
0.24500924
0.26918393
0.23702992
0.18335384
0.13540223
0.08490071
0.02525278
0.00000000
0.02215044
0.03477002
0.04303455
0.05834710
0.06706527
0.05186500
0.04090273
0.03505655
0.02226701
0.00000000
0.00000000
0.00247531
0.01531874
0.02122647
0.02884528
0.03298808
0.02575259
0.01986203
0.01495718
0.00241709
0.00000000
0.00000000
0.00000000
0.00000000
0.01092709
0.02028494
0.02426212
0.01948823
0.01080153
0.00000000
0.00000000
0.00000000
0.00000000
0.00000000
0.00000000
0.01135651
0.01695269
0.02526307
0.04945593
0.02756134
0.00000000
0.00000000
0.00000000
0.00000000
0.00318268
0.02272276
0.03197575
0.03200729
0.04893530
0.11978028
0.09245459
0.02501645
0.00272329
0.00000000
0.00000000
0.02248229
0.03856036
0.04399628
0.03695012
0.06250147
0.18125343
0.14995545
0.04196640
0.01716376
0.00000000
0.01227527
0.03455680
0.04951530
0.05153216
0.03843373
0.07225578
0.24535826
0.20927744
0.05119826
0.02369508
0.01181371
0.02139545
0.04306457
0.05800135
0.05946226
0.04346034
0.08384594
0.28986323
0.25615618
0.05954944
0.02799824
0.02050615
0.02468467
0.04639843
0.06199678
0.06273091
0.04579618
0.08651053
0.31512374
0.28182188
0.06624255
0.03069268
0.02377112
0.02109054
0.04268162
0.05796939
0.05843827
0.03817424
0.07219188
0.28665581
0.26385456
0.06238956
0.02800824
0.02032474
0.01213139
0.03431777
0.05019161
0.05210715
0.03607855
0.06578182
0.24879013
0.22244008
0.05452823
0.02374686
0.01173328
0.00000000
0.02247341
0.03906740
0.04485732
0.03696646
0.06180697
0.18382114
0.15583611
0.04319134
0.01695698
0.00000000
0.00000000
0.00315119
0.02281570
0.03216381
0.03205591
0.04871503
0.12116569
0.09487958
0.02511563
0.00263744
0.00000000
0.00000000
0.00000000
0.00000000
0.01158156
0.01729888
0.02538749
0.04981073
0.02794543
0.00000000
0.00000000
0.00000000
0.00000000
0.00000000
0.00000000
0.01290190
0.02142976
0.03127928
0.04624369
0.02398966
0.00000000
0.00000000
0.00000000
0.00000000
0.00357377
0.02532422
0.03606537
0.04202171
0.06290746
0.11153845
0.07830065
0.02652890
0.00329990
0.00000000
0.00000000
0.02511295
0.04180223
0.04691207
0.04797872
0.08556399
0.16657880
0.12465403
0.04218763
0.02109293
0.00000000
0.01362565
0.03862481
0.05246694
0.05226911
0.04952215
0.10501538
0.22873031
0.16226840
0.04891593
0.02899014
0.01363446
0.02462048
0.05028778
0.06330656
0.06310593
0.06211568
0.13676073
0.29784754
0.21862952
0.06061516
0.03651099
0.02463127
0.02902301
0.05617690
0.07285572
0.07435098
0.07471459
0.16166535
0.35235491
0.25135899
0.07533494
0.04370169
0.02950873
0.02436085
0.04996595
0.06365243
0.06251293
0.05601604
0.12547508
0.30345687
0.23420897
0.06673617
0.03804528
0.02481385
0.01353831
0.03871141
0.05355695
0.05263154
0.04629859
0.09955144
0.23825411
0.17805849
0.05406249
0.02988477
0.01369808
0.00000000
0.02515559
0.04223367
0.04708063
0.04692401
0.08420932
0.17022316
0.12588054
0.04380504
0.02096108
0.00000000
0.00000000
0.00354691
0.02530917
0.03573512
0.04116778
0.06250247
0.11298527
0.07995105
0.02664170
0.00323399
0.00000000
0.00000000
0.00000000
0.00000000
0.01308713
0.02153817
0.03125168
0.04671153
0.02431442
0.00000000
0.00000000
0.00000000
0.00000000
0.00000000
0.00000000
0.01414735
0.02601803
0.03794583
0.04118612
0.01963446
0.00000000
0.00000000
0.00000000
0.00000000
0.00388263
0.02742154
0.03985765
0.05346261
0.08108099
0.09870887
0.06196807
0.02767603
0.00379850
0.00000000
0.00000000
0.02743302
0.04412488
0.04902668
0.06202676
0.11427989
0.14218639
0.09132747
0.04230016
0.02522895
0.00000000
0.01466375
0.04199769
0.05312449
0.05073253
0.06424317
0.14128515
0.19382852
0.11166094
0.04586617
0.03462144
0.01507365
0.02731218
0.05615967
0.06613471
0.06397575
0.08802032
0.20951672
0.27495480
0.14807893
0.05753767
0.04569581
0.02802344
0.03249616
0.06438306
0.08207044
0.08444473
0.11644161
0.26332927
0.35537755
0.19726090
0.07842132
0.05692120
0.03410875
0.02762856
0.05748952
0.07011763
0.06713842
0.08861332
0.21910940
0.30080590
0.17301233
0.06873149
0.05032538
0.02907129
0.01479907
0.04346100
0.05544443
0.05208132
0.06444265
0.15006237
0.21750994
0.12499932
0.05256753
0.03736427
0.01543702
0.00000000
0.02761246
0.04417399
0.04788819
0.06042985
0.11611242
0.14827839
0.09509216
0.04328698
0.02510430
0.00000000
0.00000000
0.00386821
0.02724078
0.03876384
0.05203168
0.08084089
0.09971627
0.06194686
0.02734814
0.00374792
0.00000000
0.00000000
0.00000000
0.00000000
0.01426085
0.02608594
0.03822973
0.04177606
0.01983082
0.00000000
0.00000000
0.00000000
0.00000000
0.00000000
0.00000000
0.01433165
0.02868355
0.04213600
0.03636014
0.01654880
0.00000000
0.00000000
0.00000000
0.00000000
0.00397583
0.02763474
0.04118934
0.06054729
0.09271534
0.08589469
0.05209633
0.02767120
0.00393697
0.00000000
0.00000000
0.02834515
0.04397300
0.04984334
0.07469847
0.13032107
0.12336075
0.06851489
0.04199302
0.02748347
0.00000000
0.01491482
0.04277704
0.05054748
0.04868405
0.08023122
0.16848770
0.15387294
0.07488474
0.04374415
0.03863458
0.01534043
0.02765920
0.05636919
0.06099709
0.05882782
0.10713295
0.24897982
0.22555412
0.09615359
0.05167130
0.04981308
0.02835507
0.03380488
0.06694009
0.07957830
0.08421706
0.14633274
0.32866919
0.30112335
0.13342853
0.07230455
0.06149744
0.03515276
0.02944316
0.06227628
0.07425124
0.07614122
0.13014360
0.29839209
0.27881226
0.12928170
0.07088035
0.05895145
0.03075004
0.01562500
0.04770581
0.05728389
0.05697234
0.09728329
0.21301074
0.20012821
0.09651038
0.05406742
0.04476468
0.01638009
0.00000000
0.02873375
0.04398205
0.04836598
0.07581024
0.13728496
0.12717691
0.06997299
0.04190223
0.02753360
0.00000000
0.00000000
0.00397134
0.02734794
0.03946975
0.05877142
0.09305483
0.08556593
0.05003678
0.02654779
0.00390150
0.00000000
0.00000000
0.00000000
0.00000000
0.01453987
0.02888976
0.04293627
0.03704725
0.01659793
0.00000000
0.00000000
0.00000000
0.00000000
0.00000000
0.00000000
0.01425667
0.02986092
0.04183440
0.03125000
0.01486125
0.00000000
0.00000000
0.00000000
0.00000000
0.00392538
0.02693497
0.04138710
0.06439310
0.09251518
0.07169887
0.04519692
0.02732672
0.00394092
0.00000000
0.00000000
0.02819472
0.04265455
0.05159681
0.08578092
0.13067943
0.10007758
0.05796421
0.04269825
0.02841959
0.00000000
0.01483752
0.04128530
0.04719575
0.04944701
0.09395359
0.16412278
0.11627489
0.05684362
0.04498074
0.04053946
0.01513983
0.02651622
0.05219078
0.05340591
0.05456207
0.11882912
0.22929461
0.14703591
0.06237674
0.04909689
0.05041964
0.02689314
0.03331468
0.06423735
0.07288814
0.08408895
0.17409444
0.32478061
0.22843111
0.09964180
0.06965589
0.06313623
0.03400743
0.03232042
0.07014797
0.08615506
0.10273717
0.20466660
0.36462706
0.25749168
0.12406904
0.08670575
0.07064650
0.03331837
0.01752927
0.05384760
0.06602536
0.07892881
0.14899263
0.26137459
0.19224299
0.09568256
0.06626968
0.05436199
0.01802477
0.00000000
0.02917672
0.04323934
0.05106204
0.09195573
0.14759514
0.10983875
0.05701115
0.04217767
0.02905275
0.00000000
0.00000000
0.00392999
0.02619112
0.03822910
0.06148329
0.09250544
0.06886600
0.04002627
0.02526355
0.00390658
0.00000000
0.00000000
0.00000000
0.00000000
0.01452464
0.03023329
0.04350690
0.03217987
0.01484530
0.00000000
0.00000000
0.00000000
0.00000000
0.00000000
0.00000000
0.01384886
0.02921700
0.03701851
0.02731714
0.01363788
0.00000000
0.00000000
0.00000000
0.00000000
0.00375307
0.02519166
0.04021026
0.06344730
0.08004706
0.05891267
0.03965408
0.02591640
0.00379791
0.00000000
0.00000000
0.02635565
0.04002827
0.05261193
0.08867576
0.11688714
0.07803033
0.05237376
0.04209182
0.02715575
0.00000000
0.01394925
0.03720437
0.04289759
0.05033200
0.09755144
0.13323666
0.08090574
0.04887310
0.04564834
0.03883191
0.01404071
0.02394968
0.04439040
0.04441388
0.05033486
0.11324631
0.16762485
0.08859782
0.04599715
0.04712358
0.04677857
0.02399805
0.03185526
0.06041832
0.06803358
0.08830327
0.18556383
0.26008281
0.15036787
0.08313737
0.07186651
0.06255480
0.03189135
0.03757401
0.08288494
0.11201990
0.15196136
0.28273261
0.39107054
0.25317293
0.15170853
0.11865712
0.08731642
0.03778574
0.02023542
0.06233969
0.08568584
0.11995931
0.22103050
0.28682631
0.19420257
0.11952899
0.09108661
0.06383863
0.02031951
0.00000000
0.02805031
0.04142093
0.05412862
0.10092380
0.13110150
0.08360022
0.05065415
0.04311099
0.02894114
0.00000000
0.00000000
0.00368047
0.02301695
0.03451894
0.05870515
0.07568994
0.05086787
0.03176200
0.02308791
0.00370009
0.00000000
0.00000000
0.00000000
0.00000000
0.01409391
0.03001637
0.03873693
0.02770034
0.01357695
0.00000000
0.00000000
0.00000000
0.00000000
0.00000000
0.00000000
0.01327107
0.02725207
0.03150978
0.02365291
0.01265912
0.00000000
0.00000000
0.00000000
0.00000000
0.00346992
0.02348254
0.03852574
0.05973415
0.06576003
0.04942421
0.03596673
0.02425560
0.00352112
0.00000000
0.00000000
0.02408177
0.03758649
0.05226170
0.08369234
0.09422811
0.06309626
0.04876152
0.04019661
0.02495848
0.00000000
0.01272122
0.03289748
0.03905934
0.04984722
0.09069251
0.10343055
0.06100644
0.04537901
0.04422309
0.03524771
0.01260342
0.02135585
0.03743387
0.03756897
0.04617881
0.09692482
0.11206423
0.05452766
0.03802650
0.04419161
0.04142156
0.02108114
0.03110615
0.05745046
0.06748158
0.09411377
0.17801233
0.20145442
0.10840744
0.07616568
0.07339279
0.06200976
0.03064645
0.04196960
0.09470631
0.13522296
0.20378637
0.33977047
0.38091725
0.24983816
0.17773451
0.14105861
0.09994198
0.04135720
0.02233412
0.06833950
0.10442746
0.15143067
0.25602797
0.28610992
0.19629763
0.13806318
0.11169783
0.07249903
0.02206401
0.00000000
0.02610645
0.03899217
0.05411720
0.09693722
0.10833829
0.06546669
0.04763311
0.04332161
0.02779243
0.00000000
0.00000000
0.00324573
0.01962032
0.03052483
0.05124678
0.05756187
0.03733313
0.02727084
0.02102540
0.00334619
0.00000000
0.00000000
0.00000000
0.00000000
0.01341370
0.02814069
0.03279554
0.02359203
0.01259104
0.00000000
0.00000000
0.00000000
0.00000000
0.00000000
0.00000000
0.01486150
0.02419843
0.03004253
0.03898668
0.02558039
0.00000000
0.00000000
0.00000000
0.00000000
0.00389462
0.02809170
0.04195465
0.04658106
0.05641812
0.09004334
0.08473890
0.03469964
0.00383015
0.00000000
0.00000000
0.02775118
0.04713137
0.05670277
0.05392711
0.06822862
0.12977850
0.13867746
0.06261325
0.02477909
0.00000000
0.01521004
0.04357782
0.06070105
0.06608257
0.05944090
0.08144511
0.18496755
0.21145272
0.08498852
0.03516496
0.01468556
0.02764353
0.05576256
0.07425206
0.08431739
0.07510348
0.10500679
0.24894916
0.29548424
0.11738435
0.04604477
0.02650665
0.03109060
0.05930670
0.07938550
0.08989393
0.07731239
0.10569447
0.27040392
0.34109312
0.12743083
0.05032476
0.03006483
0.02645400
0.05300850
0.06822827
0.07463313
0.05897857
0.07680771
0.23017545
0.28982058
0.11622203
0.04316140
0.02502139
0.01482661
0.04184783
0.05921394
0.06453053
0.05415233
0.06756604
0.17214672
0.21815154
0.08978683
0.03444444
0.01422921
0.00000000
0.02747584
0.04707483
0.05815256
0.05541030
0.06764003
0.12818651
0.14391220
0.06473769
0.02490418
0.00000000
0.00000000
0.00386001
0.02807130
0.04262328
0.04809601
0.05713077
0.09010279
0.08788846
0.03617905
0.00377304
0.00000000
0.00000000
0.00000000
0.00000000
0.01514029
0.02492096
0.03025536
0.03883398
0.02590564
0.00000000
0.00000000
0.00000000
0.00000000
0.00000000
0.00000000
0.01562828
0.02761659
0.03353452
0.03813420
0.02289288
0.00000000
0.00000000
0.00000000
0.00000000
0.00413670
0.03010331
0.04567344
0.05444633
0.06480630
0.08633716
0.07224550
0.03373288
0.00411611
0.00000000
0.00000000
0.02923094
0.04894990
0.05737848
0.06031053
0.07957567
0.11760051
0.11212044
0.05666941
0.02711767
0.00000000
0.01562500
0.04647204
0.06169347
0.06491507
0.06657025
0.09876973
0.16129243
0.15178967
0.07137836
0.03873826
0.01552890
0.03076376
0.06331554
0.08677587
0.09849016
0.10873174
0.16295122
0.25833890
0.24999666
0.11339282
0.05767991
0.03057074
0.03691154
0.07396912
0.10254587
0.11909297
0.12885880
0.20089291
0.32464263
0.30571839
0.13939153
0.07027072
0.03753037
0.02943951
0.06036929
0.07742312
0.08231733
0.07961767
0.12153849
0.23664755
0.24383992
0.11404523
0.05597563
0.02936484
0.01541379
0.04472585
0.05979297
0.06254003
0.05780383
0.08182431
0.15045568
0.15984920
0.07949016
0.04006189
0.01531445
0.00000000
0.02907142
0.04890124
0.05796937
0.06014085
0.07827029
0.11804651
0.11833268
0.06095701
0.02788116
0.00000000
0.00000000
0.00408415
0.02999949
0.04565539
0.05484824
0.06495357
0.08693253
0.07488299
0.03526254
0.00412873
0.00000000
0.00000000
0.00000000
0.00000000
0.01565090
0.02770988
0.03332392
0.03791977
0.02305114
0.00000000
0.00000000
0.00000000
0.00000000
0.00000000
0.00000000
0.01628005
0.02984325
0.03807836
0.03574713
0.01951415
0.00000000
0.00000000
0.00000000
0.00000000
0.00438790
0.03087209
0.04814392
0.06056668
0.07684907
0.07979072
0.05930974
0.03206252
0.00436004
0.00000000
0.00000000
0.02967361
0.04860219
0.05533672
0.06627197
0.09288008
0.09967027
0.07774222
0.04914149
0.02837975
0.00000000
0.01591711
0.04750047
0.05881229
0.06013778
0.07404844
0.11431623
0.12601969
0.09584604
0.05636405
0.04088224
0.01562500
0.03283241
0.07136676
0.09416007
0.10759453
0.13889447
0.22559121
0.24963339
0.16918713
0.09606051
0.06303462
0.03228684
0.04368928
0.09133971
0.12497350
0.14623736
0.20043992
0.30409378
0.33805394
0.24999821
0.13528447
0.08784746
0.04434777
0.03125000
0.06672003
0.08531022
0.09071803
0.11392527
0.18265976
0.22471888
0.17084147
0.10202908
0.06448879
0.03182559
0.01564792
0.04676218
0.05750567
0.05658022
0.06379041
0.10198182
0.12448963
0.10482235
0.06529213
0.04429750
0.01582821
0.00000000
0.02979899
0.04898431
0.05558060
0.06641133
0.09369269
0.10290051
0.08505512
0.05390297
0.02931845
0.00000000
0.00000000
0.00436824
0.03074948
0.04790366
0.06045473
0.07714871
0.08077760
0.06075169
0.03314154
0.00438950
0.00000000
0.00000000
0.00000000
0.00000000
0.01619700
0.02966192
0.03762848
0.03551072
0.01954306
0.00000000
0.00000000
0.00000000
0.00000000
0.00000000
0.00000000
0.01699988
0.03273557
0.04396077
0.03529507
0.01802845
0.00000000
0.00000000
0.00000000
0.00000000
0.00466539
0.03184403
0.05121778
0.07136151
0.09366580
0.07932301
0.05523283
0.03209237
0.00462376
0.00000000
0.00000000
0.03122542
0.04953691
0.05746748
0.08322854
0.11815406
0.09751990
0.06424952
0.04836524
0.03059914
0.00000000
0.01659307
0.04864199
0.05620096
0.05828727
0.09349035
0.14580098
0.11519988
0.06705081
0.05083283
0.04380710
0.01614427
0.03239126
0.06824000
0.08156174
0.09367848
0.15633884
0.25822103
0.20033589
0.10817848
0.07145207
0.06222244
0.03124999
0.04304645
0.08800841
0.11205114
0.13306169
0.23186062
0.36232719
0.28512606
0.16130382
0.10786645
0.08209011
0.04219776
0.03294709
0.07017799
0.08392542
0.09274247
0.14816836
0.25248402
0.21090169
0.12394731
0.08832731
0.06824956
0.03309666
0.01703637
0.05068089
0.05886563
0.06010288
0.09236709
0.14916708
0.12407291
0.08446195
0.06256045
0.05010660
0.01717871
0.00000000
0.03200488
0.05132919
0.05928270
0.08680514
0.12048040
0.10467069
0.07312779
0.05420125
0.03177516
0.00000000
0.00000000
0.00475599
0.03253261
0.05210892
0.07265705
0.09615793
0.08189669
0.05707240
0.03340761
0.00472967
0.00000000
0.00000000
0.00000000
0.00000000
0.01716870
0.03286713
0.04411528
0.03563299
0.01823631
0.00000000
0.00000000
0.00000000
0.00000000
0.00000000
0.00000000
0.01597680
0.03460665
0.04729470
0.03236262
0.01566578
0.00000000
0.00000000
0.00000000
0.00000000
0.00440829
0.02957376
0.04873015
0.07910419
0.10499047
0.07268381
0.04799303
0.02984241
0.00438506
0.00000000
0.00000000
0.03033510
0.04560835
0.05684858
0.10315943
0.13968977
0.09169912
0.05540487
0.04562904
0.03041880
0.00000000
0.01604979
0.04572412
0.04977414
0.05657158
0.12154273
0.18370785
0.10249128
0.05189435
0.04806336
0.04427901
0.01560164
0.03014430
0.05951424
0.06145312
0.07484643
0.17031112
0.27281415
0.13796538
0.06294030
0.05726843
0.05825021
0.02949127
0.03794756
0.07285403
0.08310926
0.10727833
0.23997043
0.36298028
0.20024481
0.09657045
0.07877120
0.07070351
0.03641464
0.03225906
0.06671837
0.07573410
0.09393670
0.20466872
0.31149840
0.17803290
0.09302631
0.07817787
0.06736565
0.03162731
0.01749897
0.05125972
0.05823829
0.07055706
0.14035262
0.22098899
0.12496264
0.07265604
0.06211538
0.05295627
0.01733345
0.00000000
0.03138290
0.04836057
0.06100882
0.11321495
0.15414800
0.10241272
0.06148206
0.05132608
0.03187949
0.00000000
0.00000000
0.00456392
0.03030738
0.05011702
0.08152583
0.10968775
0.07523171
0.04886498
0.03059917
0.00454668
0.00000000
0.00000000
0.00000000
0.00000000
0.01640931
0.03531490
0.04852755
0.03329935
0.01598688
0.00000000
0.00000000
0.00000000
0.00000000
0.00000000
0.00000000
0.01521684
0.03531650
0.04470070
0.02923617
0.01430262
0.00000000
0.00000000
0.00000000
0.00000000
0.00397251
0.02679239
0.04677285
0.08325139
0.09959534
0.06250000
0.04182119
0.02782371
0.00399901
0.00000000
0.00000000
0.02818410
0.04165639
0.05901609
0.11955198
0.13926181
0.07977513
0.05141239
0.04402997
0.02906001
0.00000000
0.01537272
0.04069010
0.04463173
0.06007588
0.13923244
0.17781468
0.08332159
0.04750496
0.04870340
0.04249025
0.01498506
0.02770004
0.05010187
0.04903688
0.06924719
0.18440157
0.23888558
0.09405158
0.04742815
0.05350339
0.05294449
0.02629919
0.03379096
0.06017009
0.06494836
0.09823895
0.24945700
0.31032944
0.12619193
0.06841206
0.06871489
0.06297757
0.03202436
0.03235011
0.06446388
0.07659551
0.11459961
0.27540526
0.33999237
0.15367100
0.08953398
0.08341931
0.06909456
0.03115518
0.01802268
0.05125735
0.06152704
0.09483266
0.22170767
0.26120192
0.12274519
0.07498723
0.06896742
0.05568310
0.01744125
0.00000000
0.02921688
0.04331953
0.06469657
0.13521947
0.16299786
0.08492077
0.05280135
0.04858273
0.03084497
0.00000000
0.00000000
0.00402824
0.02640902
0.04647910
0.08748949
0.10416406
0.05960952
0.03878471
0.02797347
0.00414294
0.00000000
0.00000000
0.00000000
0.00000000
0.01562639
0.03748361
0.04696022
0.02937692
0.01420629
0.00000000
0.00000000
0.00000000
0.00000000
0.00000000
0.00000000
0.01533163
0.03548300
0.03984711
0.02588120
0.01349323
0.00000000
0.00000000
0.00000000
0.00000000
0.00380335
0.02570524
0.04750550
0.08460245
0.08702996
0.05468133
0.03865831
0.02673391
0.00384705
0.00000000
0.00000000
0.02668190
0.04076519
0.06344607
0.12533316
0.12532747
0.06776206
0.05018394
0.04382003
0.02771241
0.00000000
0.01499484
0.03739826
0.04316221
0.06673391
0.14924324
0.14643654
0.06609520
0.04755739
0.05009143
0.04046342
0.01426567
0.02588209
0.04368769
0.04407826
0.07237406
0.18647182
0.17785378
0.06395227
0.04360063
0.05347389
0.04917310
0.02431695
0.03224616
0.05514853
0.06134623
0.10655326
0.26220241
0.24999869
0.09539847
0.06258755
0.06902668
0.06110875
0.03064270
0.03413903
0.06742503
0.08787490
0.15126638
0.34439832
0.33561343
0.14972110
0.10216864
0.09604564
0.07343200
0.03203822
0.01906854
0.05360460
0.07068559
0.12171359
0.26941252
0.26467049
0.12499273
0.08647631
0.07940147
0.05894972
0.01805896
0.00000000
0.02765200
0.04117926
0.06915511
0.14726163
0.14635859
0.07109559
0.04973293
0.04795099
0.03019431
0.00000000
0.00000000
0.00373370
0.02355859
0.04403861
0.08606926
0.08746416
0.04820837
0.03352779
0.02604253
0.00389435
0.00000000
0.00000000
0.00000000
0.00000000
0.01553466
0.03768826
0.04197093
0.02577183
0.01340736
0.00000000
0.00000000
0.00000000
0.00000000
0.00000000
0.00000000
0.01601621
0.02805593
0.03118232
0.03308714
0.02484237
0.00000000
0.00000000
0.00000000
0.00000000
0.00415856
0.03012846
0.04709523
0.05464924
0.05674356
0.07032234
0.07930601
0.04336084
0.00451563
0.00000000
0.00000000
0.03018908
0.05140107
0.06253006
0.06445857
0.06744786
0.09860458
0.12855740
0.08110405
0.03096252
0.00000000
0.01655274
0.04932431
0.06694108
0.08145075
0.08065490
0.08530411
0.13752781
0.20758308
0.12499944
0.05037700
0.01577903
0.03055745
0.06237451
0.08662140
0.10743944
0.10689451
0.11613412
0.21049404
0.31193075
0.18826441
0.07015929
0.02954805
0.03387942
0.06413900
0.08754207
0.10695177
0.10180753
0.10540208
0.21017484
0.34755516
0.21415773
0.07599511
0.03289341
0.02868899
0.05679955
0.07158753
0.08423214
0.07395737
0.06915288
0.14162162
0.26994410
0.17093247
0.06074995
0.02634007
0.01562524
0.04515001
0.06158348
0.07112562
0.06673384
0.06272019
0.11156223
0.19432971
0.12586337
0.04835645
0.01488794
0.00000000
0.02962224
0.05014588
0.06297070
0.06550790
0.06687377
0.09676436
0.13172777
0.08856812
0.03161895
0.00000000
0.00000000
0.00408179
0.03003193
0.04762790
0.05657035
0.05863705
0.07151077
0.08316121
0.04664096
0.00460858
0.00000000
0.00000000
0.00000000
0.00000000
0.01600557
0.02844566
0.03125199
0.03280456
0.02492092
0.00000000
0.00000000
0.00000000
0.00000000
0.00000000
0.00000000
0.01742399
0.03056286
0.03498038
0.03375851
0.02215493
0.00000000
0.00000000
0.00000000
0.00000000
0.00457348
0.03189047
0.05126739
0.06023325
0.06462242
0.07053602
0.06670479
0.03962199
0.00478691
0.00000000
0.00000000
0.03125000
0.05372071
0.06250169
0.06820408
0.07477948
0.08776290
0.09838073
0.06530958
0.03118971
0.00000000
0.01769139
0.05344532
0.07024298
0.08074056
0.08572602
0.09588818
0.11825161
0.13702175
0.09611151
0.05091229
0.01695404
0.03568880
0.07813625
0.11012438
0.12895203
0.14564076
0.18060026
0.23708534
0.25187370
0.16297314
0.08328619
0.03565563
0.04381255
0.08969984
0.12499986
0.14697768
0.16830090
0.20958720
0.26977161
0.30978042
0.21009785
0.10517875
0.04562919
0.03125000
0.06514248
0.08513980
0.09481646
0.09535751
0.10709737
0.15099078
0.21201360
0.14666869
0.07419977
0.03147765
0.01646755
0.04857726
0.06197371
0.06539101
0.06398019
0.06793908
0.09481026
0.13030140
0.10146102
0.05166786
0.01612041
0.00000000
0.03102303
0.05215279
0.06222758
0.06731644
0.07401241
0.08928137
0.10529485
0.07334028
0.03296304
0.00000000
0.00000000
0.00447106
0.03125000
0.05053288
0.06055087
0.06567401
0.07199466
0.06997436
0.04203461
0.00486357
0.00000000
0.00000000
0.00000000
0.00000000
0.01705541
0.03032691
0.03445869
0.03315098
0.02201035
0.00000000
0.00000000
0.00000000
0.00000000
0.00000000
0.00000000
0.01682660
0.02991261
0.03568763
0.03120058
0.01804577
0.00000000
0.00000000
0.00000000
0.00000000
0.00436532
0.03077847
0.04885433
0.06013064
0.06813789
0.06472914
0.05295379
0.03237488
0.00437307
0.00000000
0.00000000
0.02837735
0.04545131
0.05223989
0.06047671
0.06953621
0.06736594
0.06031552
0.04645614
0.02728344
0.00000000
0.01623974
0.04742043
0.05891272
0.06171697
0.06978522
0.08249887
0.08018382
0.07192523
0.05722657
0.04249655
0.01539984
0.03940566
0.08896225
0.12466437
0.14637138
0.18169257
0.22233534
0.21347241
0.17144844
0.12500000
0.08335874
0.03779451
0.05522665
0.12005275
0.16618221
0.21406944
0.26659888
0.31610039
0.31011099
0.26094371
0.18692574
0.12246335
0.05520062
0.03430797
0.07419394
0.09622438
0.10623964
0.12047299
0.13652316
0.14549737
0.14154042
0.11707810
0.07737769
0.03441340
0.01542537
0.04411647
0.05190980
0.05024222
0.05249833
0.06314128
0.06900414
0.07456782
0.06462482
0.04506272
0.01519212
0.00000000
0.02846811
0.04573352
0.05308101
0.06216234
0.07320657
0.07385790
0.06906743
0.05291625
0.02917712
0.00000000
0.00000000
0.00432418
0.03062590
0.04875652
0.06034791
0.06906693
0.06635433
0.05475968
0.03367600
0.00442146
0.00000000
0.00000000
0.00000000
0.00000000
0.01627577
0.02902582
0.03447441
0.03047875
0.01766930
0.00000000
0.00000000
0.00000000
0.00000000
0.00000000
0.00000000
0.02067424
0.03826511
0.04719359
0.03792258
0.02062918
0.00000000
0.00000000
0.00000000
0.00000000
0.00545488
0.03811396
0.06061581
0.08171487
0.09579285
0.08153251
0.06109995
0.03776565
0.00530700
0.00000000
0.00000000
0.03496268
0.05527177
0.06336413
0.08427532
0.10069680
0.08407596
0.06462643
0.05425342
0.03323343
0.00000000
0.01898131
0.05507247
0.06299378
0.06674192
0.09352937
0.11752924
0.09065124
0.06281188
0.05680756
0.04908948
0.01770085
0.03890747
0.08464480
0.10786138
0.12758070
0.19338270
0.24999958
0.17611697
0.11246905
0.08713559
0.07121014
0.03535041
0.05193355
0.10950370
0.13728888
0.18094310
0.27136850
0.33997974
0.25222352
0.16408643
0.12480298
0.09735660
0.04808664
0.03757500
0.08072014
0.09746749
0.10695802
0.14242913
0.18909980
0.14881071
0.11758233
0.10071255
0.07770278
0.03624989
0.01920079
0.05617965
0.06437576
0.06372582
0.08248956
0.10613249
0.09394128
0.08251324
0.07395069
0.05771959
0.01895571
0.00000000
0.03826896
0.06144171
0.07448321
0.09992588
0.11746776
0.10783909
0.08736467
0.06628084
0.03846299
0.00000000
0.00000000
0.00579861
0.04149357
0.06453341
0.09153076
0.10886673
0.09429852
0.06843649
0.04231852
0.00567649
0.00000000
0.00000000
0.00000000
0.00000000
0.02085068
0.03862206
0.04778590
0.03873449
0.02106308
0.00000000
0.00000000
0.00000000
0.00000000
0.00000000
0.00000000
0.02014072
0.04045567
0.04950999
0.03566816
0.01884393
0.00000000
0.00000000
0.00000000
0.00000000
0.00530929
0.03644352
0.06055579
0.09213579
0.10597819
0.07761140
0.05709287
0.03516207
0.00508958
0.00000000
0.00000000
0.03473391
0.05501216
0.07061014
0.11412265
0.12499999
0.08736239
0.06167250
0.05338318
0.03307713
0.00000000
0.01875929
0.05352757
0.06090418
0.07540423
0.13059244
0.16112123
0.09179491
0.05721422
0.05629585
0.04977277
0.01749752
0.03460797
0.06943295
0.08112618
0.11055644
0.21624970
0.25758067
0.12500000
0.06977767
0.06600350
0.06250000
0.03148197
0.04379782
0.08449530
0.10237427
0.13534862
0.26355803
0.31792763
0.16373201
0.09655450
0.08697169
0.07662082
0.03998499
0.03548488
0.07218342
0.08309306
0.10456928
0.19641107
0.24145959
0.12467992
0.08394446
0.08080716
0.06990641
0.03349969
0.02000120
0.05805784
0.06813212
0.08472703
0.13908239
0.17071593
0.10889511
0.07809877
0.07260800
0.05976440
0.01940632
0.00000000
0.04111253
0.06617245
0.09387100
0.14038776
0.16806926
0.12499973
0.09083074
0.06949358
0.04107236
0.00000000
0.00000000
0.00620157
0.04473449
0.07442299
0.11842027
0.13035513
0.10367890
0.07001408
0.04415934
0.00601296
0.00000000
0.00000000
0.00000000
0.00000000
0.02249932
0.04538607
0.05585648
0.04058198
0.02119404
0.00000000
0.00000000
0.00000000
0.00000000
0.00000000
0.00000000
0.01779886
0.04149910
0.04714192
0.02990002
0.01518570
0.00000000
0.00000000
0.00000000
0.00000000
0.00432477
0.02948055
0.05553434
0.09977525
0.10427343
0.06262963
0.04489683
0.02940543
0.00424283
0.00000000
0.00000000
0.02961807
0.04601233
0.07269772
0.13694431
0.13968898
0.07577859
0.05263346
0.04652542
0.02991361
0.00000000
0.01648875
0.04375963
0.05065535
0.08229642
0.18145773
0.18200594
0.07708585
0.04952355
0.05232017
0.04458029
0.01549564
0.02990358
0.05386672
0.05865468
0.10253038
0.24999684
0.24325100
0.08558094
0.05119500
0.05857157
0.05595495
0.02810574
0.03534454
0.06068174
0.07053841
0.12067180
0.28799844
0.27280694
0.09800462
0.06137761
0.06738414
0.06195728
0.03216875
0.03096783
0.05786372
0.06756980
0.11560798
0.26642868
0.25273904
0.09339547
0.06328928
0.06886023
0.06053762
0.02920884
0.01790526
0.04887233
0.06016605
0.10389507
0.22811943
0.21426138
0.09155118
0.06304727
0.06383605
0.05231306
0.01679873
0.00000000
0.03250579
0.05357181
0.09312469
0.17505090
0.17331514
0.09413766
0.06469267
0.05731522
0.03388980
0.00000000
0.00000000
0.00470605
0.03252568
0.06233578
0.11760622
0.12101736
0.07077935
0.05052247
0.03288789
0.00474010
0.00000000
0.00000000
0.00000000
0.00000000
0.01907001
0.04503128
0.05044813
0.03070174
0.01564500
0.00000000
0.00000000
0.00000000
0.00000000
0.00000000
0.00000000
0.01689008
0.04324898
0.04234949
0.02438125
0.01288212
0.00000000
0.00000000
0.00000000
0.00000000
0.00366458
0.02512735
0.05440741
0.10661530
0.09291839
0.05036664
0.03680750
0.02598502
0.00370638
0.00000000
0.00000000
0.02534148
0.03990947
0.07734909
0.15916587
0.13088170
0.05955397
0.04624908
0.04239995
0.02671891
0.00000000
0.01509875
0.03593334
0.04348274
0.09039481
0.21203668
0.15893352
0.05758028
0.04516814
0.04998583
0.03958629
0.01402189
0.02669367
0.04244338
0.04698304
0.10508191
0.26529360
0.19124982
0.05547821
0.04406871
0.05518112
0.04856380
0.02416558
0.03112452
0.04825681
0.05722480
0.12573111
0.32093307
0.23375028
0.06557620
0.05169370
0.06227020
0.05484964
0.02833087
0.02896009
0.04981633
0.06266755
0.13740376
0.33586922
0.24999739
0.07673360
0.06041555
0.06776716
0.05570874
0.02639491
0.01652888
0.04201430
0.05557801
0.11783808
0.27267250
0.21268511
0.07573582
0.05811966
0.06115836
0.04714159
0.01519005
0.00000000
0.02654806
0.04297935
0.08882675
0.18871410
0.15055418
0.06534516
0.05009262
0.04839197
0.02888935
0.00000000
0.00000000
0.00371814
0.02509066
0.05537716
0.11554100
0.09877717
0.04933039
0.03647444
0.02695589
0.00387193
0.00000000
0.00000000
0.00000000
0.00000000
0.01734001
0.04578489
0.04436455
0.02445602
0.01291067
0.00000000
0.00000000
0.00000000
0.00000000
0.00000000
0.00000000
0.01623448
0.02878015
0.03081877
0.03055297
0.02451201
0.00000000
0.00000000
0.00000000
0.00000000
0.00422960
0.03015265
0.04784384
0.05662480
0.05496743
0.06066497
0.07681189
0.05515429
0.00552649
0.00000000
0.00000000
0.03125000
0.05376275
0.06823700
0.07546200
0.07035940
0.08363575
0.12899151
0.11509854
0.04237691
0.00000000
0.01787052
0.05320391
0.07440916
0.09651656
0.10421105
0.09616579
0.11862207
0.20789374
0.18551308
0.07554269
0.01786501
0.03136257
0.06503519
0.09013405
0.11414036
0.12309755
0.11657301
0.15313438
0.27758816
0.26093149
0.10996135
0.03235264
0.03370067
0.06250000
0.08150678
0.10233162
0.10463965
0.08683382
0.11945172
0.27239755
0.27461085
0.11251188
0.03436661
0.02876824
0.05576744
0.06760253
0.08260547
0.08232059
0.06232999
0.08607163
0.22439450
0.23488720
0.09053079
0.02748808
0.01586792
0.04568077
0.06093448
0.07309900
0.07760964
0.06399961
0.08269385
0.17493889
0.17158589
0.06680506
0.01561765
0.00000000
0.02995302
0.04986497
0.06254444
0.07093892
0.06675836
0.08157011
0.13213035
0.11884141
0.04237080
0.00000000
0.00000000
0.00411238
0.02965041
0.04714189
0.05766951
0.05793849
0.06318298
0.08198716
0.05854736
0.00563428
0.00000000
0.00000000
0.00000000
0.00000000
0.01591844
0.02897428
0.03125934
0.03125878
0.02484489
0.00000000
0.00000000
0.00000000
0.00000000
0.00000000
0.00000000
0.01940593
0.03301600
0.03821393
0.03443750
0.02308321
0.00000000
0.00000000
0.00000000
0.00000000
0.00522646
0.03635317
0.05897078
0.06874025
0.07308116
0.07211967
0.07003073
0.04840028
0.00588164
0.00000000
0.00000000
0.03816511
0.06287157
0.08180665
0.09506880
0.09764637
0.09722509
0.10904939
0.08857281
0.04223232
0.00000000
0.02160257
0.06312644
0.09172336
0.11353536
0.12559763
0.12585188
0.12694645
0.14840554
0.12496562
0.06903620
0.02059935
0.04022711
0.08811107
0.12051274
0.14027116
0.16741291
0.18345536
0.20288856
0.24541458
0.20698720
0.11173381
0.04087010
0.04478902
0.08826624
0.11300529
0.12523662
0.13944030
0.15027246
0.18389124
0.25284091
0.24125135
0.12556124
0.04891047
0.03398136
0.06866109
0.08214437
0.08810670
0.09245542
0.09039037
0.10835187
0.16973528
0.17797834
0.10072800
0.03616662
0.01901978
0.05543498
0.06611118
0.07277269
0.07914215
0.07844731
0.08684870
0.12399331
0.12441648
0.06872780
0.01936815
0.00000000
0.03467211
0.05768973
0.06776393
0.07916196
0.08363275
0.08858533
0.10720664
0.09289980
0.04340390
0.00000000
0.00000000
0.00496063
0.03389057
0.05438700
0.06408273
0.06992817
0.07084865
0.07064271
0.04968375
0.00586205
0.00000000
0.00000000
0.00000000
0.00000000
0.01826046
0.03145248
0.03686207
0.03343605
0.02257889
0.00000000
0.00000000
0.00000000
0.00000000
0.00000000
0.00000000
0.02278120
0.04021100
0.04864483
0.04157010
0.02386257
0.00000000
0.00000000
0.00000000
0.00000000
0.00636651
0.04452755
0.06700591
0.08900321
0.10238920
0.09550583
0.07511880
0.04782798
0.00642344
0.00000000
0.00000000
0.04410497
0.06966477
0.08469170
0.10281406
0.11663888
0.11012459
0.09429689
0.07277258
0.04282134
0.00000000
0.02513194
0.06981317
0.09130081
0.09898089
0.11520548
0.12568748
0.11749294
0.09827127
0.08315838
0.06191293
0.02249997
0.05001872
0.10760792
0.12630796
0.14492542
0.18072666
0.21599382
0.19486450
0.15175891
0.12422112
0.09619684
0.04509551
0.06085125
0.12162755
0.13947320
0.15682705
0.19201382
0.23252641
0.22844264
0.19919795
0.16698301
0.12499992
0.05872663
0.04451313
0.08953710
0.10059446
0.09654297
0.10637962
0.12500000
0.12648460
0.13493358
0.13053580
0.10068576
0.04382661
0.02343709
0.06250000
0.07342914
0.06992862
0.07693254
0.09200156
0.09874550
0.10766239
0.10343759
0.06843442
0.02252507
0.00000000
0.04182619
0.06406546
0.07528944
0.09035225
0.10629054
0.10756602
0.10074297
0.08057261
0.04439286
0.00000000
0.00000000
0.00595139
0.04076374
0.06139148
0.07814522
0.09036075
0.08654554
0.07059461
0.04595966
0.00609472
0.00000000
0.00000000
0.00000000
0.00000000
0.02060107
0.03601385
0.04351304
0.03771398
0.02214388
0.00000000
0.00000000
0.00000000
0.00000000
0.00000000
0.00000000
0.02681937
0.04867219
0.05880246
0.04851145
0.02634966
0.00000000
0.00000000
0.00000000
0.00000000
0.00698367
0.05103536
0.07890650
0.10580657
0.11988305
0.10641979
0.07787506
0.04793566
0.00652986
0.00000000
0.00000000
0.04488306
0.07154417
0.08494770
0.10162215
0.11337771
0.10354721
0.08271244
0.06402782
0.04039385
0.00000000
0.02287929
0.06585508
0.08319941
0.08409324
0.09965798
0.11688553
0.10032257
0.07438141
0.06516247
0.05837836
0.02103548
0.04453471
0.10025997
0.12106993
0.12500000
0.16633676
0.20471698
0.15463901
0.10635678
0.08923106
0.07772490
0.03943378
0.05636980
0.12110841
0.14120732
0.15685341
0.20891750
0.24999812
0.19547202
0.13192715
0.11832791
0.09802257
0.05036154
0.04353010
0.09689662
0.11143530
0.10441547
0.12170007
0.14218856
0.12913299
0.11647111
0.10722139
0.08675780
0.04081808
0.02397425
0.07179002
0.08990654
0.08542059
0.09753728
0.11923335
0.12399380
0.11388887
0.09863557
0.06899662
0.02312257
0.00000000
0.05230372
0.08801915
0.10797518
0.12497550
0.15278360
0.14863396
0.12499978
0.09296641
0.05018707
0.00000000
0.00000000
0.00742647
0.05559240
0.08647326
0.11780465
0.13020165
0.12499791
0.09345320
0.05458369
0.00696596
0.00000000
0.00000000
0.00000000
0.00000000
0.02528900
0.04557645
0.05591162
0.04696131
0.02549566
0.00000000
0.00000000
0.00000000
0.00000000
0.00000000
0.00000000
0.02251285
0.04081094
0.04719027
0.03739240
0.02080146
0.00000000
0.00000000
0.00000000
0.00000000
0.00580910
0.04213868
0.06641026
0.09007951
0.09571679
0.07922193
0.06046617
0.03813102
0.00538568
0.00000000
0.00000000
0.03814880
0.06339600
0.08334136
0.10430492
0.10725215
0.08625879
0.06815343
0.05773739
0.03453166
0.00000000
0.01973350
0.05762369
0.07745473
0.09457651
0.12011965
0.12237928
0.08929141
0.06720076
0.06250617
0.05194470
0.01852269
0.03587680
0.07654795
0.10325649
0.12499999
0.17573939
0.17632012
0.11891632
0.08191887
0.07282416
0.06307000
0.03288842
0.04377073
0.08821021
0.11382003
0.14200518
0.20143618
0.19673659
0.12369850
0.09315495
0.08525273
0.07345353
0.04021684
0.03664449
0.07826800
0.10001841
0.11377487
0.14658266
0.14271085
0.10317716
0.08599396
0.08353760
0.07028594
0.03496560
0.02310326
0.06865818
0.09940679
0.11711394
0.14909515
0.15560606
0.12468815
0.10803176
0.09369166
0.06616566
0.02259217
0.00000000
0.05780518
0.10799449
0.14656664
0.20621401
0.22697714
0.18487649
0.14130625
0.10496050
0.05596698
0.00000000
0.00000000
0.00836113
0.06713434
0.12185463
0.16817927
0.18535540
0.15335196
0.11257569
0.06392975
0.00802340
0.00000000
0.00000000
0.00000000
0.00000000
0.03045105
0.05759018
0.06549357
0.05272790
0.02824078
0.00000000
0.00000000
0.00000000
0.00000000
0.00000000
0.00000000
0.02191652
0.04208950
0.04329272
0.03125000
0.01741645
0.00000000
0.00000000
0.00000000
0.00000000
0.00505154
0.03766475
0.06837720
0.09984584
0.09124640
0.06571615
0.05300095
0.03282380
0.00469885
0.00000000
0.00000000
0.03376191
0.06178752
0.10004304
0.13181558
0.11799780
0.07601731
0.06256633
0.05342660
0.03125091
0.00000000
0.01818609
0.05126311
0.07370171
0.12298948
0.17275539
0.12992270
0.07519478
0.06290334
0.06084126
0.04805615
0.01689342
0.03125731
0.06134031
0.09036115
0.15224601
0.23788412
0.16416484
0.08092897
0.06434065
0.06450032
0.05946489
0.03101754
0.03728298
0.06650479
0.10010020
0.17839013
0.26031601
0.17874730
0.08246829
0.06977519
0.07224901
0.06250000
0.03427267
0.03235490
0.06274913
0.09611793
0.16941573
0.25138494
0.16047530
0.07693919
0.07058619
0.07341946
0.06250001
0.03125000
0.02026739
0.05829589
0.09373085
0.15937856
0.24113645
0.16927752
0.09843097
0.08444457
0.07760546
0.05892802
0.01904397
0.00000000
0.04250331
0.08362424
0.14085662
0.21208291
0.17792863
0.12499989
0.09807369
0.07462796
0.04173193
0.00000000
0.00000000
0.00595616
0.04720675
0.09192472
0.13100787
0.12499977
0.09126008
0.06729634
0.04335766
0.00579032
0.00000000
0.00000000
0.00000000
0.00000000
0.02473964
0.04876415
0.04967613
0.03499243
0.01983798
0.00000000
0.00000000
0.00000000
0.00000000
0.00000000
0.00000000
0.02103724
0.04455207
0.03797278
0.02524230
0.01417279
0.00000000
0.00000000
0.00000000
0.00000000
0.00390310
0.02966446
0.06788321
0.11075185
0.08090334
0.05120277
0.04089169
0.02828361
0.00390630
0.00000000
0.00000000
0.02669499
0.04890515
0.10808115
0.16679469
0.11188059
0.05827336
0.05205580
0.04643035
0.02812861
0.00000000
0.01567986
0.03755030
0.05650246
0.13089983
0.22780260
0.12499999
0.05554746
0.05355709
0.05566636
0.04164100
0.01496873
0.02796875
0.04372931
0.06472216
0.16689096
0.28406936
0.13945879
0.05200457
0.05478043
0.06206677
0.05082704
0.02591016
0.03134802
0.04763232
0.07468241
0.20063660
0.32934824
0.15142177
0.05284500
0.05855316
0.06599352
0.05557332
0.02968835
0.02882983
0.04722876
0.07658359
0.20285901
0.32150415
0.14870740
0.05451842
0.06084789
0.06713235
0.05427273
0.02679999
0.01672067
0.04194286
0.07101762
0.17196172
0.26707193
0.14056721
0.06228991
0.06250151
0.06310911
0.04688130
0.01558460
0.00000000
0.02861055
0.05700986
0.12499861
0.19918676
0.12231238
0.06686080
0.06066979
0.05480601
0.03072209
0.00000000
0.00000000
0.00402053
0.03164750
0.07601777
0.12284756
0.08519260
0.05147937
0.04391177
0.03022969
0.00416314
0.00000000
0.00000000
0.00000000
0.00000000
0.02225769
0.04700191
0.03859898
0.02491043
0.01442444
0.00000000
0.00000000
0.00000000
0.00000000
0.00000000
0.00000000
0.01651507
0.03011705
0.03179657
0.02988967
0.02188168
0.00000000
0.00000000
0.00000000
0.00000000
0.00429366
0.03034992
0.04784617
0.05877498
0.05757903
0.05581636
0.06463034
0.06183455
0.00761033
0.00000000
0.00000000
0.03345359
0.05832836
0.07750383
0.09287600
0.08890028
0.08768290
0.12088896
0.13717867
0.06591111
0.00000000
0.02037379
0.06131700
0.09180861
0.12027630
0.14593202
0.14376366
0.14417663
0.20185311
0.24932602
0.13323565
0.02643463
0.03401702
0.07175043
0.10019346
0.12535407
0.15297575
0.14489400
0.14351960
0.21899298
0.29257360
0.17958440
0.04692416
0.03331725
0.06183761
0.07589567
0.09278706
0.10376175
0.08310384
0.07387284
0.13970329
0.25517008
0.16947357
0.04675446
0.02867458
0.05462801
0.06367475
0.07632607
0.08613227
0.06835415
0.05744607
0.11111516
0.21285313
0.14340977
0.03751836
0.01626701
0.04650429
0.06113102
0.07307887
0.08654191
0.07711595
0.06779782
0.11104167
0.17267653
0.11259708
0.02222260
0.00000000
0.03060319
0.05003965
0.06256234
0.07444987
0.07158566
0.06741282
0.09522074
0.12479170
0.06361149
0.00000000
0.00000000
0.00416730
0.02960090
0.04588518
0.05741734
0.05765559
0.05539150
0.06250000
0.06131644
0.00781240
0.00000000
0.00000000
0.00000000
0.00000000
0.01564507
0.02873589
0.03126752
0.02872495
0.02071181
0.00000000
0.00000000
0.00000000
0.00000000
0.00000000
0.00000000
0.01958887
0.03338283
0.03833180
0.03300677
0.02170817
0.00000000
0.00000000
0.00000000
0.00000000
0.00559942
0.03906150
0.06250000
0.07616659
0.08144027
0.07557926
0.07023072
0.05389459
0.00694418
0.00000000
0.00000000
0.04589648
0.07969014
0.11031323
0.13109116
0.14040691
0.13075219
0.12947410
0.12278955
0.06158323
0.00000000
0.02492855
0.07794593
0.11872388
0.14705405
0.19137058
0.20700179
0.19111441
0.19073781
0.17699800
0.10746896
0.02739756
0.04047101
0.08947426
0.11636113
0.13467468
0.16502352
0.17138323
0.16121517
0.18172891
0.19906665
0.12477141
0.04490592
0.04178232
0.08029810
0.09390555
0.10067266
0.11032037
0.10575684
0.10309254
0.13584647
0.18597057
0.12514518
0.04820356
0.03396576
0.06889334
0.07881921
0.08198361
0.09105510
0.08898478
0.08618412
0.12333331
0.16363636
0.11994293
0.04011911
0.01994078
0.05923666
0.07134473
0.07966114
0.09396783
0.09834161
0.09638017
0.12185264
0.13569637
0.09082736
0.02302110
0.00000000
0.03675358
0.06019596
0.07029176
0.08391285
0.08990183
0.08862311
0.09960476
0.10010448
0.05314661
0.00000000
0.00000000
0.00511091
0.03431091
0.05377670
0.06278352
0.06794104
0.06558131
0.06336685
0.05061344
0.00659873
0.00000000
0.00000000
0.00000000
0.00000000
0.01822992
0.03128731
0.03653658
0.03212747
0.02121948
0.00000000
0.00000000
0.00000000
0.00000000
0.00000000
0.00000000
0.02334208
0.04167897
0.05172484
0.04352862
0.02406818
0.00000000
0.00000000
0.00000000
0.00000000
0.00742108
0.05316637
0.08032960
0.11223507
0.13065824
0.12499896
0.09224655
0.05697476
0.00753101
0.00000000
0.00000000
0.05830144
0.09891075
0.12350989
0.15805084
0.19761370
0.17920171
0.13585602
0.10597000
0.05903720
0.00000000
0.02743968
0.08912381
0.11641037
0.12593214
0.16030349
0.19690102
0.16842020
0.12442911
0.10940162
0.08008800
0.02626164
0.04684417
0.10885986
0.12162136
0.12184026
0.13623294
0.16085428
0.13956459
0.11302340
0.10794801
0.09467568
0.04326694
0.05311613
0.11131553
0.11824460
0.10968302
0.11486475
0.12500000
0.12499999
0.11947947
0.12384466
0.10916169
0.05091609
0.04355158
0.09691046
0.10497006
0.09272841
0.09945954
0.11857574
0.12500000
0.12696597
0.12799864
0.10562186
0.04323873
0.02454379
0.07463152
0.09128635
0.08816248
0.10121562
0.12430891
0.12500000
0.12499999
0.12408938
0.08172496
0.02409601
0.00000000
0.04749295
0.07292363
0.08299994
0.09876636
0.11698280
0.11865439
0.11008806
0.08922117
0.04900111
0.00000000
0.00000000
0.00630014
0.04235937
0.06143969
0.07526999
0.08663116
0.08328940
0.06847535
0.04597855
0.00618377
0.00000000
0.00000000
0.00000000
0.00000000
0.02056301
0.03534747
0.04257832
0.03692606
0.02170425
0.00000000
0.00000000
0.00000000
0.00000000
0.00000000
0.00000000
0.02824363
0.04973028
0.05960109
0.05026049
0.02721548
0.00000000
0.00000000
0.00000000
0.00000000
0.00796758
0.06314421
0.10044774
0.12531234
0.13519825
0.12612815
0.09421417
0.05512224
0.00719050
0.00000000
0.00000000
0.06021113
0.10616387
0.12224657
0.12499984
0.13538352
0.12790589
0.11012854
0.07898463
0.04581296
0.00000000
0.02609786
0.09149077
0.12108396
0.11435538
0.11117429
0.12190286
0.12057809
0.09624629
0.07812403
0.06250000
0.02197563
0.04645047
0.12078612
0.13651104
0.11810351
0.11189393
0.12491716
0.12500001
0.09729897
0.08360653
0.07320787
0.03738142
0.05486383
0.12424504
0.13994828
0.11263807
0.10339935
0.12079614
0.12500000
0.10516296
0.09491046
0.08280281
0.04437774
0.04677931
0.12086630
0.12747322
0.10349651
0.09701130
0.12496533
0.13306805
0.12329242
0.10662008
0.08356709
0.03897158
0.02786871
0.09969722
0.12464576
0.12144247
0.12570739
0.16365132
0.17879179
0.14848083
0.11823566
0.07572971
0.02410841
0.00000000
0.06198936
0.10910533
0.12209328
0.13640937
0.17358805
0.17643547
0.13636462
0.09673988
0.05073011
0.00000000
0.00000000
0.00760530
0.05492435
0.07602838
0.09537752
0.11442231
0.10954878
0.07964253
0.04685968
0.00617567
0.00000000
0.00000000
0.00000000
0.00000000
0.02228310
0.03735298
0.04577515
0.03970640
0.02189703
0.00000000
0.00000000
0.00000000
0.00000000
0.00000000
0.00000000
0.02198259
0.03570801
0.04030916
0.03401967
0.01943737
0.00000000
0.00000000
0.00000000
0.00000000
0.00616500
0.04875576
0.07026916
0.08126423
0.08334417
0.07532283
0.06003682
0.03675292
0.00506984
0.00000000
0.00000000
0.04419461
0.08474434
0.09726147
0.09546413
0.09359251
0.08693317
0.07324617
0.05786698
0.03317369
0.00000000
0.01952455
0.06810653
0.11077622
0.11161394
0.10104494
0.09679808
0.08983131
0.07663344
0.06259450
0.05010656
0.01738035
0.03424633
0.09047957
0.13291989
0.12680937
0.11229064
0.10581354
0.09777455
0.08317850
0.06999076
0.06030700
0.03064698
0.04022029
0.09970523
0.14373411
0.12735085
0.10243066
0.09111418
0.08655889
0.07960601
0.07159173
0.06178365
0.03400115
0.03694950
0.10112608
0.14934117
0.13467768
0.10602960
0.09277415
0.09248481
0.08928547
0.07928749
0.06250476
0.03125000
0.02705783
0.10383082
0.17732194
0.20341134
0.19558646
0.18570419
0.17339918
0.14774886
0.11608963
0.07277543
0.02355472
0.00000000
0.06730407
0.14716257
0.20365430
0.22887123
0.23190740
0.20920628
0.16400921
0.11371231
0.05708281
0.00000000
0.00000000
0.00735687
0.06045740
0.09596474
0.11479425
0.12026608
0.11021058
0.08358327
0.04963226
0.00633789
0.00000000
0.00000000
0.00000000
0.00000000
0.02185004
0.03487814
0.03987791
0.03477724
0.02034155
0.00000000
0.00000000
0.00000000
0.00000000
0.00000000
0.00000000
0.02405098
0.03765757
0.03663948
0.03086066
0.01728488
0.00000000
0.00000000
0.00000000
0.00000000
0.00535645
0.04563833
0.07840715
0.08756907
0.07392606
0.06249999
0.05342665
0.03256357
0.00458725
0.00000000
0.00000000
0.03767506
0.08184207
0.12107182
0.11801091
0.08972862
0.07331036
0.06491708
0.05427033
0.03125000
0.00000000
0.01784789
0.05862712
0.11199570
0.15373968
0.13820083
0.09473503
0.07389422
0.06926606
0.06252409
0.04733204
0.01659577
0.03097804
0.06831513
0.13252003
0.20349652
0.17230809
0.10093080
0.07527220
0.07405905
0.06586911
0.05717433
0.03004121
0.03401741
0.07391772
0.15037553
0.23809899
0.19095144
0.09540690
0.06996998
0.07559426
0.07007455
0.06062020
0.03249301
0.03125000
0.07280377
0.15165734
0.24829739
0.19926263
0.09670115
0.07234536
0.08073860
0.07370682
0.06051989
0.03081924
0.02031555
0.06817062
0.14574671
0.24298595
0.21958767
0.12919386
0.10855119
0.10434923
0.08433059
0.05966744
0.01917573
0.00000000
0.04834731
0.12035926
0.18960971
0.19612929
0.14628482
0.12489714
0.11060941
0.07810245
0.04176047
0.00000000
0.00000000
0.00589740
0.05490069
0.10185393
0.11543495
0.09533095
0.08021563
0.06476080
0.04067262
0.00535554
0.00000000
0.00000000
0.00000000
0.00000000
0.02593755
0.04051434
0.03840968
0.03128158
0.01889748
0.00000000
0.00000000
0.00000000
0.00000000
0.00000000
0.00000000
0.02541934
0.04142844
0.03176415
0.02463936
0.01456843
0.00000000
0.00000000
0.00000000
0.00000000
0.00393858
0.03581534
0.08519720
0.10030985
0.06411225
0.04947060
0.04237734
0.02834227
0.00387858
0.00000000
0.00000000
0.02702240
0.06245289
0.13533491
0.14646497
0.08207350
0.05655973
0.05590745
0.04657638
0.02768180
0.00000000
0.01525095
0.03832617
0.08169527
0.18997525
0.19693573
0.08885913
0.05508060
0.06056732
0.05613331
0.04078674
0.01494870
0.02586356
0.04427739
0.09933507
0.24999484
0.24999785
0.09135704
0.05219591
0.06251686
0.06237660
0.04925460
0.02560153
0.02929099
0.04754076
0.10915087
0.27669516
0.26947635
0.08957227
0.05039557
0.06505981
0.06489300
0.05321675
0.02938201
0.02642338
0.04735930
0.11059932
0.27225471
0.26318082
0.08886213
0.05180089
0.06712885
0.06578833
0.05192590
0.02635287
0.01565558
0.04320274
0.10248616
0.24102534
0.23775211
0.09720141
0.06107995
0.06946182
0.06288157
0.04540351
0.01548437
0.00000000
0.02963968
0.07663143
0.16695596
0.17712435
0.09595078
0.06658897
0.06575315
0.05515782
0.03034425
0.00000000
0.00000000
0.00408228
0.03922101
0.09579048
0.11072636
0.06708597
0.05095715
0.04636281
0.03028425
0.00407381
0.00000000
0.00000000
0.00000000
0.00000000
0.02678571
0.04322222
0.03191058
0.02450012
0.01490062
0.00000000
0.00000000
0.00000000
0.00000000
0.00000000
0.00000000
0.01562500
0.02748768
0.03014600
0.02656164
0.01732448
0.00000000
0.00000000
0.00000000
0.00000000
0.00396194
0.02775747
0.04207217
0.04975295
0.04884008
0.04507476
0.04715594
0.04204638
0.00626151
0.00000000
0.00000000
0.03483021
0.06166011
0.08337136
0.10013902
0.09998704
0.09444655
0.10298227
0.10837373
0.06051363
0.00000000
0.02419761
0.07770636
0.12499937
0.17130013
0.22063792
0.23600216
0.22873877
0.23565350
0.23281538
0.14312363
0.03301557
0.03942668
0.09009849
0.13053967
0.17434786
0.21820940
0.22567773
0.21292618
0.22626022
0.24970946
0.17777190
0.05994830
0.03125000
0.05952266
0.07276516
0.08267263
0.08848768
0.07578747
0.06258558
0.08567204
0.14290640
0.12468028
0.04845899
0.02491379
0.04792420
0.05657946
0.06115202
0.06463485
0.05815873
0.04737128
0.06339496
0.10987417
0.10063640
0.03577091
0.01502308
0.04274453
0.05673411
0.06557645
0.07651653
0.07541363
0.06708643
0.07758035
0.10338877
0.08134811
0.02137842
0.00000000
0.02854203
0.04732440
0.05975909
0.06817514
0.06937178
0.06461066
0.06993436
0.07791492
0.04945214
0.00000000
0.00000000
0.00390625
0.02761157
0.04204134
0.05169515
0.05347720
0.05018184
0.04855856
0.04032611
0.00615267
0.00000000
0.00000000
0.00000000
0.00000000
0.01498830
0.02619843
0.02938925
0.02583855
0.01620186
0.00000000
0.00000000
0.00000000
0.00000000
0.00000000
0.00000000
0.01649571
0.02843923
0.03097371
0.02743997
0.01688868
0.00000000
0.00000000
0.00000000
0.00000000
0.00508859
0.03584892
0.05628205
0.06624463
0.06971374
0.06417226
0.05899337
0.04358045
0.00606111
0.00000000
0.00000000
0.04980945
0.09340874
0.12622645
0.16107132
0.17642500
0.16582879
0.14820170
0.12289315
0.06221865
0.00000000
0.02723266
0.09220778
0.14489150
0.20446253
0.25883356
0.28071007
0.26334065
0.23952290
0.19826630
0.12480503
0.03124979
0.03742615
0.08696771
0.11946844
0.13978058
0.16496900
0.16743261
0.14768659
0.14265287
0.15291421
0.11608646
0.04389974
0.03390232
0.06672642
0.07773592
0.07564726
0.07508493
0.06874977
0.06119093
0.07307187
0.10561355
0.09492222
0.03964214
0.02945470
0.06099367
0.07053927
0.07029217
0.07472005
0.07480464
0.06915327
0.07903665
0.10228743
0.08622746
0.03329513
0.01740022
0.05367974
0.06939895
0.07817174
0.09079450
0.09731559
0.09271993
0.09499718
0.10122844
0.07219184
0.02018874
0.00000000
0.03314767
0.05587224
0.06581067
0.07683256
0.08240909
0.07908504
0.07775691
0.07330610
0.04334290
0.00000000
0.00000000
0.00451854
0.03125111
0.04775546
0.05777952
0.06105126
0.05823761
0.05257308
0.03819697
0.00545561
0.00000000
0.00000000
0.00000000
0.00000000
0.01618824
0.02900752
0.03180574
0.02903034
0.01727191
0.00000000
0.00000000
0.00000000
0.00000000
0.00000000
0.00000000
0.01833284
0.03071164
0.03518645
0.03125000
0.01854794
0.00000000
0.00000000
0.00000000
0.00000000
0.00728510
0.05535443
0.08469061
0.10916421
0.12341145
0.11607958
0.08987086
0.05501898
0.00708306
0.00000000
0.00000000
0.06678686
0.13302681
0.18456006
0.23450905
0.25432009
0.24195158
0.18769079
0.12817831
0.06397475
0.00000000
0.02745724
0.10241436
0.15410529
0.18269208
0.20925407
0.22323331
0.19803214
0.15532795
0.12307243
0.08241245
0.02515724
0.03868880
0.10123318
0.12201846
0.11088908
0.10529956
0.10756965
0.09856800
0.08605938
0.08457692
0.07191723
0.03306326
0.04073560
0.09484320
0.10290134
0.07799178
0.06764852
0.07213531
0.07303470
0.07329898
0.08088534
0.07118334
0.03536238
0.03586986
0.08969838
0.10260278
0.08550002
0.08549356
0.09818606
0.10203996
0.09926584
0.09646449
0.07431466
0.03221422
0.02126353
0.07221872
0.09496420
0.09169385
0.10007418
0.11641588
0.11846874
0.11004052
0.09553939
0.06337754
0.01949925
0.00000000
0.04358766
0.06936377
0.07640058
0.08523760
0.09656825
0.09636401
0.08650124
0.06891305
0.03893453
0.00000000
0.00000000
0.00554238
0.03730731
0.05265004
0.06124188
0.06640282
0.06394614
0.05543699
0.03594709
0.00496677
0.00000000
0.00000000
0.00000000
0.00000000
0.01740443
0.03002006
0.03403797
0.03069972
0.01777778
0.00000000
0.00000000
0.00000000
0.00000000
0.00000000
0.00000000
0.02397961
0.03720846
0.04315994
0.03770092
0.02125774
0.00000000
0.00000000
0.00000000
0.00000000
0.00868541
0.06633572
0.09190537
0.10132227
0.10929117
0.10283422
0.07742213
0.04634292
0.00609732
0.00000000
0.00000000
0.07823645
0.14837092
0.15306970
0.14589427
0.15375218
0.14762571
0.12413549
0.08561952
0.04646276
0.00000000
0.03004964
0.13587555
0.20336837
0.15932985
0.12527235
0.13198794
0.13126212
0.11361236
0.08718807
0.06250000
0.02097855
0.05096982
0.16566691
0.20606783
0.12418786
0.08660049
0.09834644
0.10673229
0.09055673
0.07769941
0.06479573
0.03263781
0.05823129
0.17045410
0.18752325
0.10011309
0.06771600
0.08516017
0.10041803
0.09073006
0.08135144
0.06884857
0.03736584
0.05159758
0.15768817
0.17391860
0.10554291
0.08318072
0.10903878
0.12500572
0.11210287
0.09401113
0.07153039
0.03385009
0.03029071
0.12586027
0.15298037
0.11575396
0.10903150
0.12780981
0.13770804
0.12372317
0.09752250
0.06396326
0.02099654
0.00000000
0.06886428
0.11419135
0.10251832
0.10220256
0.11735684
0.11969050
0.10399102
0.07492679
0.04150737
0.00000000
0.00000000
0.00810775
0.05541077
0.06289034
0.06881407
0.07790150
0.07639241
0.06199399
0.03852326
0.00527866
0.00000000
0.00000000
0.00000000
0.00000000
0.02023875
0.03125000
0.03702700
0.03284116
0.01913767
0.00000000
0.00000000
0.00000000
0.00000000
0.00000000
0.00000000
0.02333204
0.03176205
0.03443094
0.03092448
0.01753988
0.00000000
0.00000000
0.00000000
0.00000000
0.00781238
0.06477399
0.07948799
0.07394860
0.07256522
0.06929597
0.05674218
0.03436820
0.00475622
0.00000000
0.00000000
0.06249845
0.13179789
0.12268978
0.09541945
0.09018439
0.09056766
0.07717342
0.05859494
0.03324580
0.00000000
0.02017966
0.10402025
0.19269310
0.14653651
0.09314025
0.08586500
0.09208632
0.08093279
0.06437761
0.04988107
0.01706418
0.03339486
0.13008593
0.24676488
0.16296348
0.08598103
0.07814667
0.09128878
0.08287947
0.06844638
0.05819760
0.02981123
0.03798463
0.14388359
0.26547238
0.16726346
0.07649741
0.06836729
0.08798575
0.08462398
0.07177220
0.06107105
0.03257773
0.03374889
0.14082630
0.26605725
0.17462687
0.08436634
0.07622440
0.09772031
0.09438480
0.07736200
0.06104118
0.03031007
0.02142352
0.12179259
0.24170758
0.18315063
0.11538239
0.11150965
0.12265094
0.11269047
0.08498909
0.05841928
0.01879784
0.00000000
0.06752078
0.16047285
0.15086500
0.11859120
0.11573587
0.11923969
0.10426345
0.07201947
0.03897826
0.00000000
0.00000000
0.00785201
0.07112670
0.08636553
0.07521746
0.07350849
0.07317781
0.06051327
0.03631245
0.00488800
0.00000000
0.00000000
0.00000000
0.00000000
0.02417028
0.03125000
0.03316904
0.03077007
0.01755937
0.00000000
0.00000000
0.00000000
0.00000000
0.00000000
0.00000000
0.02667057
0.03350629
0.03125000
0.02769218
0.01572109
0.00000000
0.00000000
0.00000000
0.00000000
0.00539285
0.05594166
0.09145987
0.07758656
0.06151766
0.05737609
0.04947865
0.03079385
0.00420442
0.00000000
0.00000000
0.03897724
0.10977452
0.14696261
0.10601240
0.07200060
0.06829697
0.06424455
0.05133853
0.03021459
0.00000000
0.01551269
0.06013343
0.15012811
0.20471224
0.11930872
0.06926977
0.06975751
0.07082263
0.06034999
0.04456642
0.01562819
0.02597846
0.07283394
0.19920297
0.25619903
0.12794757
0.06501560
0.07027450
0.07624586
0.06311870
0.05335518
0.02772382
0.02910494
0.08124778
0.23267847
0.28630412
0.12974805
0.05977308
0.06865360
0.08010890
0.06741805
0.05689201
0.03125714
0.02653576
0.08092748
0.23032375
0.28182524
0.13124637
0.06197933
0.07301865
0.08481836
0.06998884
0.05596861
0.02843433
0.01634824
0.06925835
0.19064254
0.24998984
0.13829826
0.08173459
0.08743533
0.09097443
0.07090323
0.05063850
0.01675084
0.00000000
0.04481683
0.12594399
0.18215930
0.12468184
0.09033850
0.08911365
0.08347758
0.06106621
0.03340268
0.00000000
0.00000000
0.00561504
0.06192784
0.10246320
0.08282842
0.06270681
0.06109841
0.05431364
0.03238046
0.00443418
0.00000000
0.00000000
0.00000000
0.00000000
0.02801257
0.03397245
0.03087522
0.02787124
0.01620498
0.00000000
0.00000000
0.00000000
0.00000000
0.00000000
0.00000000
0.02829515
0.03746385
0.02869266
0.02340209
0.01426340
0.00000000
0.00000000
0.00000000
0.00000000
0.00392720
0.04263204
0.09847452
0.08925459
0.05530446
0.04688566
0.04211732
0.02746521
0.00381227
0.00000000
0.00000000
0.02705660
0.07944384
0.16543312
0.12735020
0.06497570
0.05494386
0.05730656
0.04554625
0.02703152
0.00000000
0.01419851
0.03887394
0.10959274
0.23803860
0.16193078
0.06412457
0.05483554
0.06262112
0.05487509
0.03998358
0.01465652
0.02349509
0.04496724
0.12876196
0.29756492
0.19239576
0.06158234
0.05393509
0.06688984
0.06066451
0.04802863
0.02504198
0.02667444
0.04894657
0.14796953
0.33769715
0.20586659
0.05860630
0.05365065
0.07171822
0.06292862
0.05152224
0.02882256
0.02406065
0.04900252
0.14714041
0.32033798
0.19544947
0.05831343
0.05553124
0.07322765
0.06353921
0.04998678
0.02573235
0.01465937
0.04382264
0.12462989
0.25759742
0.17297083
0.06706526
0.06068806
0.07134695
0.06071290
0.04314249
0.01515131
0.00000000
0.02966313
0.09213765
0.18441044
0.13737930
0.07141975
0.06213766
0.06374519
0.05102605
0.02886861
0.00000000
0.00000000
0.00407990
0.04596237
0.10536892
0.09123712
0.05447590
0.04799546
0.04456272
0.02856229
0.00390635
0.00000000
0.00000000
0.00000000
0.00000000
0.02920140
0.03763559
0.02816994
0.02346014
0.01456592
0.00000000
0.00000000
0.00000000
